# FromNodeId	ToNodeId
3	257
4	641
5	787
5	987
7	17
7	696
9	332
10	817
11	39
11	753
11	757
12	144
15	138
17	650
18	758
19	35
20	280
22	208
23	642
24	422
25	492
25	705
25	896
26	465
26	558
26	761
28	966
29	678
30	0
30	727
30	913
34	531
34	648
34	960
35	674
36	883
39	474
39	620
39	735
39	920
43	194
43	629
44	184
44	380
47	420
49	954
50	20
50	428
51	331
52	690
53	834
55	50
56	255
59	956
60	475
61	275
61	725
61	895
62	87
62	351
63	141
63	367
63	794
64	27
64	968
65	476
67	65
67	500
68	123
68	1023
69	962
71	671
72	336
72	808
73	718
75	994
76	43
79	156
79	380
80	560
86	190
88	554
88	982
89	753
92	157
92	634
94	141
100	378
101	127
101	444
101	746
104	53
104	827
105	277
105	486
105	513
106	57
107	95
107	502
107	947
107	1016
110	193
111	773
113	0
113	343
113	557
115	785
116	447
116	614
118	502
118	788
119	37
119	377
120	993
121	449
122	739
124	817
126	467
126	822
126	870
127	538
129	390
129	718
132	772
136	156
137	232
138	153
138	164
140	243
141	182
141	859
142	650
143	179
144	931
145	168
147	157
148	668
149	126
149	388
149	469
151	204
151	245
154	94
154	482
156	105
156	847
157	874
158	847
159	448
160	201
161	267
162	711
163	20
163	459
165	874
165	978
166	719
167	941
168	78
172	111
172	675
175	638
176	623
177	260
177	763
177	779
177	872
179	288
179	291
180	122
181	395
181	761
182	681
182	829
184	677
187	982
188	673
188	726
188	846
188	859
191	342
192	544
192	929
193	445
193	502
194	729
194	741
195	592
198	161
199	609
205	121
205	220
206	798
208	489
209	432
211	617
212	257
213	353
214	410
215	826
215	919
217	182
217	714
218	719
218	752
219	599
219	768
223	1
224	764
224	1007
225	478
225	621
225	924
226	233
226	938
230	992
231	180
234	264
234	486
234	502
234	768
235	774
235	887
236	239
236	469
237	124
238	913
238	935
240	727
241	95
241	96
242	779
243	26
246	742
248	339
249	305
252	393
254	531
255	926
255	934
256	5
256	7
256	610
256	903
257	695
257	854
258	96
259	166
260	341
263	123
263	426
264	98
265	630
265	685
265	766
266	97
266	570
266	819
267	12
270	35
270	495
270	897
271	450
271	550
272	9
274	356
274	833
275	622
275	741
276	576
276	716
279	34
279	278
279	962
280	196
281	406
281	1023
282	379
283	136
284	101
285	115
285	432
285	977
287	330
288	635
289	91
290	359
290	837
291	222
291	743
293	567
295	355
296	690
297	679
297	910
298	255
298	712
303	831
304	125
304	589
304	883
305	13
306	142
306	148
306	179
307	107
309	881
311	185
312	18
315	152
315	154
316	754
317	885
319	131
320	663
321	149
322	837
322	888
323	133
326	6
328	373
329	534
329	697
330	280
330	965
331	184
331	607
334	3
335	302
336	688
336	944
336	961
337	30
338	267
340	213
340	400
340	596
340	692
341	222
344	622
345	649
346	694
346	955
348	450
348	722
349	243
350	151
350	558
351	2
352	49
353	6
353	60
353	771
354	927
355	760
355	858
356	12
356	48
359	480
360	906
361	686
367	434
371	852
372	1003
374	122
374	292
376	884
378	177
378	896
379	790
381	496
381	668
382	215
383	183
383	618
384	432
384	621
384	718
385	275
385	748
386	453
386	480
388	115
388	201
388	234
388	732
388	733
388	965
390	134
390	191
392	148
392	272
392	392
394	189
394	569
394	592
395	606
395	743
398	107
398	406
398	439
398	715
398	749
399	435
402	635
402	994
403	180
403	252
403	977
405	45
409	93
409	976
410	565
413	118
413	900
414	447
415	431
416	113
416	565
417	382
417	958
420	572
420	656
421	189
421	463
421	950
422	745
423	196
423	723
424	106
424	874
425	307
426	90
426	955
427	154
427	258
428	445
429	569
430	586
431	482
431	653
432	398
432	867
433	206
433	270
434	331
434	662
436	977
440	459
440	957
441	58
442	427
442	1011
443	872
444	393
444	450
444	525
445	815
446	953
446	967
448	314
448	520
450	582
452	899
453	278
454	26
454	129
454	867
455	857
456	296
457	887
460	79
461	252
462	421
462	609
463	139
463	140
463	825
464	31
467	66
467	271
468	363
468	615
470	783
477	535
478	668
479	425
480	734
481	609
481	625
484	1011
485	332
486	184
486	442
486	899
487	205
489	329
489	342
490	675
490	840
493	672
495	306
498	238
498	489
498	647
500	744
501	688
503	541
503	649
505	109
507	896
509	841
510	404
512	242
514	208
514	277
514	434
516	663
517	471
518	65
518	247
520	33
521	807
522	532
523	400
523	715
524	701
524	814
526	423
527	719
528	496
532	240
532	270
532	881
535	89
535	493
535	666
536	295
540	287
540	764
541	190
541	274
543	578
544	744
544	909
545	68
547	29
547	967
549	205
550	426
550	453
551	233
555	152
555	203
555	653
555	729
555	985
556	52
559	443
559	673
560	573
562	467
565	229
566	144
566	375
568	341
568	460
568	665
569	82
569	142
569	347
569	644
571	993
572	16
573	530
574	594
574	834
575	6
579	507
579	610
580	374
581	9
581	478
581	646
583	34
583	276
583	935
583	989
584	799
584	971
585	273
585	946
586	134
588	67
588	120
588	379
588	526
588	725
589	628
591	437
591	1009
592	755
592	961
594	317
595	304
596	364
597	258
597	959
598	720
600	465
600	917
601	963
603	846
604	56
604	314
605	634
606	20
608	476
609	760
610	9
613	770
613	1008
615	201
615	848
618	863
620	152
620	376
621	28
623	188
623	943
625	117
625	464
626	272
626	708
626	782
627	506
630	888
631	597
632	119
632	529
632	834
635	108
635	957
636	472
638	675
639	143
639	836
642	903
643	96
643	338
644	91
644	525
645	55
646	240
647	14
647	267
647	590
647	804
648	1019
649	672
650	218
650	438
650	682
651	362
651	607
652	326
652	922
653	945
654	407
655	65
655	999
657	832
658	154
658	701
660	745
661	35
663	194
664	37
665	825
667	222
667	427
667	604
667	727
667	970
669	518
670	472
670	674
673	598
674	168
674	334
675	335
675	850
676	100
677	941
678	514
679	54
679	516
682	395
686	399
686	553
688	400
693	895
695	279
696	61
696	950
697	450
697	455
698	707
699	276
699	720
699	891
702	261
702	479
703	672
703	832
706	1003
707	484
707	503
708	744
709	189
709	755
713	522
713	692
714	773
715	896
717	524
718	506
719	150
720	1006
721	906
723	745
727	355
727	402
728	753
728	968
729	678
729	720
730	141
730	781
731	659
733	947
737	401
737	541
738	521
738	757
738	769
739	898
740	332
740	467
740	596
740	761
742	36
742	705
743	737
743	870
746	193
747	506
750	142
753	291
754	441
754	486
754	918
757	558
758	798
759	151
759	692
759	740
760	830
761	723
763	159
763	232
766	162
768	52
768	279
769	323
770	303
772	771
773	777
774	116
774	535
775	322
775	627
776	564
776	782
777	647
777	665
778	794
781	78
782	736
783	234
784	902
785	609
786	340
786	667
787	446
787	524
787	563
787	617
788	959
790	251
790	876
790	922
793	500
793	844
793	946
794	52
794	531
795	53
795	716
795	748
798	233
800	571
800	721
802	335
803	80
803	577
803	710
805	556
805	591
806	210
806	428
807	440
807	1004
808	700
809	430
811	353
814	44
815	323
816	981
818	651
818	921
820	558
821	725
822	345
822	756
827	160
833	655
833	831
834	190
835	481
836	256
836	343
836	514
836	905
837	153
837	164
838	266
838	692
841	147
841	430
841	726
843	615
844	25
844	317
845	885
847	434
848	393
848	602
849	213
849	276
849	594
855	397
855	442
855	734
856	293
858	324
859	814
860	72
860	216
860	584
860	672
860	688
861	73
861	989
862	464
862	961
864	961
866	341
867	290
867	892
868	56
868	381
870	647
870	690
870	794
870	1010
871	986
875	786
875	955
879	117
880	482
881	791
881	847
882	760
882	795
883	141
884	760
885	617
892	83
892	300
892	845
892	981
893	827
899	212
901	765
902	171
905	439
906	374
907	536
907	654
907	857
907	985
909	110
909	430
909	847
909	979
910	45
910	293
911	80
911	1003
912	437
912	617
914	11
914	588
915	400
915	951
918	827
919	329
920	630
920	665
920	778
922	1
922	1011
923	381
923	388
923	572
924	170
924	1008
927	860
927	862
927	931
930	657
932	105
932	699
932	966
933	415
933	624
933	657
935	617
937	773
938	605
943	271
943	872
944	939
945	876
946	931
950	868
951	941
954	320
954	922
955	39
958	98
958	818
958	1001
960	530
961	662
961	888
962	59
962	730
964	768
965	454
965	839
966	664
966	668
967	624
967	809
968	54
968	416
969	428
971	489
971	863
974	605
977	409
978	206
978	296
979	291
980	827
980	977
983	772
986	725
986	769
990	450
991	77
992	681
993	96
994	964
996	606
1000	515
1001	984
1002	700
1002	742
1003	15
1003	574
1003	671
1004	337
1005	816
1006	661
1007	481
1008	777
1010	416
1011	89
1011	269
1011	1005
1012	805
1014	404
1014	762
1016	1000
1017	928
1018	311
1019	633
1020	565
1021	855
1022	566
1023	595
