UserId	UserId
4	3
6	5
6	7
11	12
18	16
17	18
20	19
25	24
27	24
27	25
25	29
33	25
27	28
27	29
28	32
33	29
31	32
33	31
33	32
36	35
19	35
37	35
19	36
36	37
19	37
40	41
41	40
43	42
51	50
53	52
54	52
58	57
60	57
61	57
60	58
61	58
60	59
43	65
68	69
77	74
75	76
75	77
76	77
40	76
59	80
88	8
89	90
92	91
80	94
98	94
41	94
80	6
6	33
6	41
95	97
80	33
80	41
33	96
98	96
41	33
103	50
104	43
104	65
65	104
65	43
111	110
104	112
104	113
120	119
126	124
32	124
32	125
32	126
128	127
131	64
58	138
135	138
137	138
94	139
68	139
139	94
68	94
139	68
140	65
141	65
141	140
141	43
143	142
142	143
104	94
97	145
148	146
149	146
147	149
151	150
60	152
153	154
158	155
165	164
166	165
168	167
169	167
170	167
171	167
32	167
172	167
168	171
32	168
168	172
168	61
170	169
32	169
169	88
32	170
32	171
88	171
172	171
61	171
32	88
32	61
88	172
88	61
155	174
174	173
176	175
178	89
89	178
184	185
186	184
186	185
185	187
186	187
189	188
202	201
208	207
35	210
212	211
57	213
214	213
214	57
220	218
222	221
223	221
224	221
222	223
222	224
221	222
224	223
221	223
221	224
97	226
231	233
234	232
235	139
44	139
29	139
236	207
88	207
168	241
25	242
6	242
6	25
6	114
15	215
215	15
44	59
244	68
246	245
246	247
251	207
116	207
252	207
67	207
252	251
67	251
67	116
88	67
252	67
12	255
260	202
258	104
59	104
104	259
80	59
80	259
259	80
258	259
258	260
59	259
260	259
126	250
104	258
88	265
3	268
77	269
8	269
60	269
77	242
8	242
271	242
60	242
77	8
77	60
8	77
8	60
271	8
271	270
60	270
272	165
165	274
272	157
157	273
274	157
25	27
25	233
15	248
29	27
276	27
18	27
276	233
18	276
128	279
207	285
64	118
260	64
121	113
113	288
121	288
289	290
293	4
294	58
104	295
109	295
64	296
296	64
297	259
12	141
42	299
215	299
215	42
299	42
58	300
58	114
305	51
51	305
15	307
281	307
308	307
308	33
282	310
312	163
315	313
314	315
53	316
317	318
58	323
247	13
61	41
158	327
327	158
328	127
213	329
213	330
119	332
88	338
343	342
348	33
18	168
18	350
27	50
204	50
40	50
27	351
40	27
40	351
325	352
75	8
60	8
207	75
8	75
60	75
207	355
207	60
355	60
309	258
75	16
351	16
75	351
358	185
6	80
77	6
8	6
6	8
6	12
4	6
6	360
6	361
8	152
152	4
111	80
77	80
4	80
80	360
80	361
360	80
111	12
4	111
77	12
77	361
8	12
8	4
8	361
361	8
361	12
4	361
4	362
362	361
27	76
368	27
370	369
41	373
41	24
76	11
76	68
248	11
11	68
133	377
217	168
175	258
59	285
361	285
381	59
59	361
59	172
361	382
111	253
387	386
4	154
366	154
366	4
154	4
154	366
361	77
361	75
337	281
389	388
388	389
394	393
394	395
112	308
61	106
293	213
213	61
138	227
153	400
402	325
403	281
33	155
163	243
4	408
68	351
193	83
83	193
4	217
412	152
77	152
88	152
412	88
88	77
60	77
88	60
207	124
8	124
60	124
414	328
409	104
155	104
416	104
64	104
417	104
42	104
113	104
3	104
299	104
171	104
259	104
308	104
104	282
415	282
42	282
282	3
299	282
33	282
288	282
65	282
104	409
104	155
104	416
104	64
104	417
104	42
104	3
104	299
104	171
104	308
104	288
409	140
409	155
409	416
409	64
409	3
409	299
409	171
409	147
409	308
409	288
155	140
140	308
65	140
415	42
415	3
415	299
415	288
193	155
155	28
42	155
155	113
155	3
155	171
155	259
288	155
416	3
171	416
259	416
416	308
65	416
416	65
193	64
64	28
258	64
3	64
171	64
355	64
33	64
259	64
65	64
193	418
193	171
193	33
193	259
193	147
3	28
171	28
288	28
417	418
417	299
417	65
42	3
42	308
288	42
42	65
258	33
258	308
258	288
258	65
288	113
418	3
418	259
418	65
171	3
259	3
3	308
288	3
65	3
299	288
299	65
33	171
171	147
171	308
288	171
65	171
33	355
355	259
355	65
33	259
288	33
259	308
147	308
65	308
420	419
193	426
428	427
259	237
259	77
77	259
378	225
22	50
206	430
355	433
433	355
111	355
32	434
328	178
28	438
172	16
181	16
105	19
440	50
95	405
443	430
357	447
447	357
448	16
51	56
180	29
180	32
61	32
449	403
18	309
119	451
451	120
119	158
372	119
119	120
372	158
372	120
6	456
213	456
6	193
6	213
122	193
193	213
122	213
122	33
33	213
200	139
457	451
460	459
3	459
122	459
12	459
32	459
259	459
61	459
3	460
3	122
12	3
32	3
3	259
12	122
32	122
122	61
32	12
12	259
430	185
461	185
461	430
64	276
28	194
194	41
213	17
321	32
468	321
469	321
321	244
32	321
244	321
410	32
468	410
410	244
467	32
467	244
32	40
469	32
469	468
469	40
244	40
469	244
173	225
470	173
187	472
76	412
76	32
76	172
76	18
32	412
172	412
18	412
180	410
469	473
469	69
282	44
111	44
68	44
299	44
32	44
305	44
282	180
111	282
68	282
44	282
32	282
88	282
44	180
32	180
111	68
111	299
111	213
111	88
68	416
44	68
68	299
271	68
88	68
44	416
32	416
271	416
88	416
416	305
44	299
44	32
44	305
32	299
88	299
213	32
213	88
88	32
271	32
68	65
32	65
65	32
304	474
475	35
32	476
477	127
111	106
33	106
361	106
58	213
58	33
58	361
111	33
361	213
361	33
309	481
58	285
250	68
485	127
487	488
355	77
355	489
248	14
248	60
111	60
126	14
60	14
126	60
58	491
155	494
488	403
403	183
403	488
258	501
69	394
325	503
152	94
121	94
61	124
69	124
291	505
155	139
139	155
508	256
513	512
340	494
494	340
515	514
36	514
376	514
376	515
376	36
31	516
33	122
517	483
519	518
436	133
392	103
119	125
119	392
77	76
458	76
58	211
207	211
58	207
68	42
44	42
42	68
68	270
42	44
44	270
270	247
524	321
255	329
285	527
447	527
447	285
527	285
222	357
207	531
207	12
124	207
12	207
124	12
124	247
532	467
17	139
259	535
119	536
154	141
213	139
537	139
537	68
213	537
366	244
41	244
41	366
538	73
185	73
538	185
539	540
119	308
308	119
543	127
186	127
543	186
544	315
42	25
42	438
258	109
109	552
552	109
207	554
476	554
476	207
556	388
361	355
244	44
558	557
452	335
235	259
477	84
204	452
263	452
305	452
263	204
452	204
452	263
452	305
49	467
104	4
523	11
11	88
61	11
258	4
61	523
75	193
180	193
180	563
12	193
77	33
33	77
193	409
409	114
177	33
177	114
193	114
33	114
44	276
119	166
58	513
513	58
361	122
133	432
566	565
152	468
27	468
308	468
152	28
121	152
351	27
27	308
324	308
121	351
351	308
138	355
571	570
173	51
158	573
180	285
28	167
574	167
167	172
112	167
77	58
77	285
276	28
28	574
276	285
351	285
60	285
112	285
276	112
169	351
169	574
351	574
351	60
351	112
574	112
576	575
394	366
325	316
75	282
68	308
578	308
60	308
352	308
578	68
68	352
60	578
60	352
579	50
174	573
77	121
77	32
121	361
361	32
43	68
232	68
54	68
126	68
270	68
43	54
54	126
270	54
149	187
213	491
32	491
60	491
242	32
60	213
60	32
352	60
154	585
88	6
181	27
27	181
18	528
122	532
321	75
193	75
33	75
69	75
309	321
69	33
587	145
33	16
88	16
69	16
33	233
88	233
88	33
302	33
33	69
88	69
315	335
231	412
122	211
116	211
420	211
116	122
122	420
595	114
597	596
598	268
599	115
90	366
25	600
316	352
256	490
448	516
412	600
605	601
140	50
181	40
607	606
606	414
185	606
606	475
443	538
538	414
185	538
607	414
607	73
607	475
443	414
443	185
443	73
443	475
343	475
185	414
475	414
185	475
475	73
171	505
32	198
33	285
258	152
259	193
537	540
44	244
310	282
242	282
310	242
114	227
227	114
361	180
114	285
113	438
113	114
33	491
213	33
282	111
557	282
282	88
112	557
77	621
33	621
556	622
622	388
328	607
607	279
607	626
627	607
623	624
623	185
414	624
328	624
624	185
624	279
624	626
414	625
414	185
414	279
414	626
627	414
328	185
328	279
328	626
185	279
626	185
626	279
627	626
207	80
80	476
80	469
469	80
207	229
207	476
207	469
171	115
139	313
139	11
61	361
113	29
631	630
632	353
80	77
80	137
137	77
438	28
229	69
41	69
41	351
634	475
14	258
258	14
635	14
77	247
147	13
392	119
120	392
361	207
288	207
288	410
288	12
64	115
637	88
128	403
328	403
52	403
120	403
328	128
120	128
328	120
366	18
503	534
278	535
222	241
61	193
200	301
147	40
61	40
133	313
255	88
389	622
256	425
292	641
422	642
171	642
608	642
642	422
642	608
56	145
186	268
266	356
266	19
356	19
19	84
438	104
351	113
282	244
111	244
412	554
168	554
88	554
18	554
412	18
18	88
32	94
111	288
320	6
552	6
183	413
651	413
607	652
461	652
122	528
251	658
4	658
155	314
104	152
463	152
3	152
361	152
463	104
8	104
104	12
412	463
8	463
3	463
8	412
3	412
8	3
3	12
3	361
661	60
661	69
28	69
69	662
60	233
69	60
663	488
33	111
477	669
477	196
477	436
477	327
327	436
33	6
299	524
32	35
35	32
263	35
35	315
35	672
35	305
261	12
315	12
263	161
15	315
161	315
372	315
315	305
15	407
672	372
674	66
676	187
155	217
452	155
494	174
494	308
174	308
452	174
113	233
6	282
206	92
2	644
126	534
40	534
126	40
580	218
394	680
292	680
681	680
315	680
187	680
394	292
681	394
681	292
36	19
80	294
12	294
32	554
60	554
25	180
180	492
297	539
3	409
409	126
409	268
268	29
315	29
372	29
3	558
268	119
315	119
147	126
558	126
315	268
315	372
15	189
558	690
207	329
258	141
18	141
134	35
446	624
446	328
624	446
624	328
282	276
282	362
362	276
266	15
33	11
33	695
233	270
213	293
6	124
248	15
543	461
414	461
519	461
543	519
519	414
696	35
4	175
452	225
282	473
697	505
570	178
382	16
436	342
261	124
137	124
244	124
133	701
133	173
445	701
25	702
60	25
382	295
187	704
25	28
25	114
61	114
76	137
447	137
355	137
361	137
60	137
76	168
357	76
193	76
447	76
215	76
355	76
76	705
706	76
361	76
60	76
76	41
76	181
76	707
355	248
248	705
27	168
357	27
706	27
60	27
27	41
355	111
706	111
60	111
110	111
111	41
357	168
706	168
361	168
41	168
357	355
357	361
357	41
193	215
706	193
361	447
447	41
215	705
706	215
60	215
215	181
355	705
706	355
110	355
705	181
361	706
706	41
361	60
110	361
361	41
361	707
110	60
60	41
60	707
181	41
41	181
631	218
706	450
75	44
167	44
207	463
463	111
463	44
321	463
207	44
207	321
321	44
389	58
288	438
438	288
692	365
713	365
75	88
282	288
362	282
180	282
199	282
244	282
180	288
12	244
61	288
288	244
362	244
61	244
414	446
480	166
58	658
12	513
513	12
80	76
293	76
80	293
41	393
41	4
688	263
259	716
116	32
282	215
77	215
81	215
678	215
77	282
282	678
77	562
81	562
678	562
77	81
114	350
58	373
305	418
58	177
196	624
653	624
624	120
653	46
75	60
60	228
249	313
721	51
463	722
207	722
68	722
463	68
68	40
12	104
39	260
314	724
412	726
701	268
334	205
334	341
76	8
36	225
7	728
155	270
314	155
116	58
111	303
730	436
77	75
106	75
259	111
41	111
28	361
355	33
355	361
33	60
361	259
259	60
41	259
41	361
41	60
88	516
302	76
467	731
345	233
88	412
88	209
605	674
674	605
111	69
261	69
6	734
146	734
321	734
520	734
321	6
520	6
146	321
35	502
735	175
458	40
502	76
64	76
505	76
505	502
505	64
234	64
706	252
672	35
35	150
150	35
672	19
19	672
19	150
672	150
229	124
42	124
76	738
416	552
309	4
42	382
740	50
26	373
104	76
68	104
68	76
28	76
12	76
171	76
76	171
59	76
400	76
33	76
147	76
80	28
171	80
80	171
80	400
68	1
68	28
171	68
68	171
68	147
68	293
28	171
59	28
28	293
171	12
12	171
33	12
12	293
171	59
171	400
171	33
171	293
59	171
400	171
147	171
293	171
59	400
59	293
33	400
33	293
155	303
14	308
394	355
348	355
744	355
315	355
394	264
394	348
394	744
394	118
264	394
744	394
118	394
744	264
264	118
193	348
745	744
315	744
220	744
258	242
388	622
225	271
94	200
25	200
80	200
94	25
80	25
231	25
231	80
688	749
702	463
352	463
352	193
362	702
352	702
352	362
76	241
76	537
495	241
212	523
523	241
212	241
171	241
171	537
291	501
678	200
97	149
187	97
187	149
658	491
658	757
757	491
111	42
119	758
759	355
760	467
42	761
4	761
4	42
351	98
488	353
119	133
536	246
536	119
59	246
278	35
357	734
4	734
6	357
4	357
765	446
475	446
446	765
446	475
15	16
767	50
119	50
119	767
88	768
467	352
24	394
24	474
24	305
27	428
27	334
27	305
134	92
305	92
128	474
238	474
305	428
243	474
243	163
305	243
770	134
770	474
386	770
305	770
386	134
334	474
163	474
305	474
334	391
305	334
305	391
305	573
220	56
12	236
355	236
236	281
355	281
3	80
244	80
80	3
3	244
58	313
775	774
525	774
359	775
359	525
359	262
359	777
525	178
436	525
436	262
436	178
776	178
262	782
12	224
352	501
193	352
76	50
76	40
119	786
258	16
103	184
679	103
679	184
712	114
85	50
64	16
104	790
104	438
409	790
259	409
135	790
438	790
215	791
12	791
791	12
215	12
793	780
190	95
587	793
276	502
315	97
667	432
414	128
120	127
20	35
20	36
37	36
20	37
485	800
104	294
301	726
524	175
12	295
394	215
264	215
499	215
394	171
171	264
499	171
392	184
184	119
184	32
184	305
305	119
32	438
22	305
56	372
173	372
51	372
173	56
56	173
56	51
133	105
128	805
624	805
805	624
805	485
805	328
279	805
624	128
128	624
128	328
624	485
624	806
279	624
485	624
806	624
328	485
328	806
279	328
154	43
225	452
186	119
120	186
522	605
41	139
212	491
69	77
809	679
488	679
808	809
808	488
809	488
434	810
180	615
542	263
263	158
84	158
61	433
111	300
111	599
599	259
61	350
236	575
309	473
473	309
814	649
649	814
180	505
17	90
809	624
77	505
815	31
163	596
596	163
43	299
772	15
333	256
822	821
64	260
366	68
76	825
88	456
292	638
22	246
4	139
145	782
145	466
668	782
466	138
146	281
35	142
371	142
308	831
39	114
670	50
305	50
629	483
340	483
629	340
6	258
837	359
359	837
776	837
688	50
356	50
263	50
34	50
263	688
263	356
356	263
34	356
263	838
263	34
34	263
839	107
620	409
299	463
243	569
596	243
776	569
596	776
596	569
35	133
842	35
842	73
208	35
815	208
73	35
622	389
622	556
556	389
18	175
169	144
144	169
576	126
231	64
109	846
17	135
15	124
361	124
137	361
212	361
608	361
622	850
388	850
73	186
64	89
569	89
64	366
423	569
474	569
336	854
276	854
505	854
430	705
705	670
705	158
169	303
169	244
351	233
172	233
172	351
351	244
352	244
827	654
315	356
47	315
458	47
458	126
495	5
843	615
618	29
113	557
281	557
147	557
715	557
61	557
61	113
147	281
715	147
35	136
315	136
315	35
473	531
552	531
552	473
75	124
122	58
380	54
104	729
412	282
59	282
412	13
412	59
261	59
857	185
149	857
185	314
149	314
149	185
464	554
2	207
325	308
32	513
88	513
453	861
678	169
626	124
124	626
166	134
128	461
862	461
862	128
181	76
281	864
281	76
77	281
42	854
854	42
854	40
587	56
310	180
183	313
80	282
708	600
750	866
202	64
361	258
294	476
432	133
6	77
144	303
69	303
69	144
820	747
61	491
703	14
72	403
242	124
526	869
869	526
8	259
259	12
259	630
259	90
259	325
461	657
207	104
213	58
123	28
854	213
123	213
90	39
61	351
119	874
51	874
272	150
43	17
505	478
325	666
32	207
566	6
876	161
77	16
58	355
25	303
362	438
438	244
230	491
56	874
488	874
308	874
120	874
56	488
308	56
51	488
308	488
120	488
308	51
51	120
187	553
394	24
6	394
405	95
312	89
251	861
266	204
266	36
266	436
266	105
36	436
36	105
436	105
51	173
158	173
327	173
51	158
51	263
327	263
114	122
61	122
302	122
114	361
361	61
114	61
114	302
61	302
302	61
378	52
29	52
446	525
879	252
184	103
68	505
256	87
598	825
555	104
114	58
114	883
249	525
885	58
597	304
474	597
597	474
196	304
474	196
196	474
196	596
474	304
304	596
474	596
596	474
104	352
202	76
168	76
29	76
438	76
729	76
352	76
438	168
729	29
438	729
729	352
671	66
697	185
187	185
233	24
175	64
366	585
194	585
167	39
366	167
194	167
366	39
366	194
366	65
325	219
181	882
887	886
252	366
41	276
276	18
41	18
337	144
244	469
175	152
485	446
41	61
260	41
260	61
818	355
429	166
891	40
40	171
325	892
370	104
33	647
573	33
701	782
670	208
246	208
667	353
58	850
33	58
556	850
126	410
116	126
60	438
292	366
820	896
820	770
820	189
189	770
751	689
76	375
181	375
14	76
537	76
80	168
80	537
80	181
168	537
537	181
88	373
68	169
135	899
17	899
135	502
17	502
135	520
135	17
714	624
624	414
624	462
624	150
714	150
714	445
414	184
462	184
184	73
414	462
462	73
697	73
150	445
88	601
69	818
244	818
69	244
244	3
97	900
133	15
104	366
104	69
366	104
171	13
366	171
366	351
171	351
171	61
901	834
370	183
834	183
834	901
169	562
309	375
375	89
276	64
137	706
137	293
276	706
706	293
174	458
637	255
225	73
903	357
522	891
458	366
65	366
207	265
61	265
61	207
721	315
737	315
137	612
229	409
76	463
69	76
94	463
172	907
105	413
357	126
355	357
126	599
355	126
355	599
35	357
111	468
208	373
208	865
282	585
104	244
258	410
244	61
333	39
333	366
76	882
76	19
882	76
19	185
181	19
882	181
8	265
476	265
476	104
809	50
260	276
171	250
171	260
250	40
58	230
122	116
262	35
35	72
325	74
3	60
3	41
376	50
298	803
258	922
453	61
69	925
304	597
597	312
596	597
304	312
312	304
596	304
474	312
596	312
820	340
12	16
112	258
88	12
112	12
44	6
168	217
120	372
185	577
931	930
57	355
153	140
36	133
36	72
436	72
391	72
436	36
36	391
36	445
256	821
32	213
934	334
334	934
426	355
88	80
371	50
371	356
356	305
371	305
105	266
355	1
355	285
781	461
279	461
85	187
147	41
120	353
8	294
259	8
8	281
581	294
476	581
259	581
351	581
476	294
259	294
281	294
351	294
259	476
259	281
15	266
395	935
937	935
503	935
171	525
525	33
302	525
171	465
171	114
355	465
114	355
33	465
114	33
114	465
302	465
302	114
703	791
111	465
249	465
114	249
32	465
114	32
350	32
60	361
361	465
60	465
139	258
139	33
33	258
619	33
27	18
89	50
820	598
598	770
598	189
321	175
308	140
392	133
15	133
308	133
15	246
308	246
246	308
939	293
429	134
134	405
398	134
259	25
332	29
566	738
175	364
502	258
40	502
310	138
356	943
943	35
943	178
943	36
356	35
356	36
178	35
35	461
391	35
36	178
178	461
391	178
76	394
301	76
118	76
172	76
309	944
35	944
119	944
428	309
428	35
81	126
41	438
18	438
340	474
569	474
340	569
33	633
139	278
32	139
139	240
308	139
18	139
258	139
68	81
68	200
68	258
68	947
68	126
68	18
428	278
428	308
81	240
308	81
18	81
200	258
200	18
258	126
32	258
308	258
618	278
308	618
278	947
32	947
308	947
32	278
73	278
308	278
126	240
32	240
32	308
308	240
308	73
948	743
383	743
161	743
743	948
743	161
949	19
43	104
19	353
19	243
436	949
383	50
33	572
681	64
241	491
213	241
207	282
468	282
294	207
468	207
294	468
251	373
355	115
355	814
737	256
293	155
111	505
396	276
276	505
69	59
505	69
240	465
61	465
193	285
127	432
127	328
432	328
207	76
8	76
41	76
207	41
207	69
8	41
8	69
69	41
244	463
244	111
244	76
59	217
539	94
139	539
539	259
539	41
94	41
18	94
94	61
139	259
139	41
139	61
147	61
18	41
681	139
35	958
154	959
41	908
276	41
105	436
89	962
886	246
298	13
623	963
446	623
446	963
963	446
414	963
446	414
446	964
964	446
328	446
463	60
193	138
12	138
60	370
60	138
110	138
89	672
36	672
569	672
120	672
28	16
480	145
137	236
64	394
89	64
14	729
427	751
248	353
607	120
184	120
184	607
120	607
120	451
120	184
7	513
122	62
146	357
27	207
27	155
68	27
207	155
68	207
68	155
6	152
744	107
185	50
339	16
612	223
452	133
133	35
133	452
35	452
310	524
974	524
25	112
111	112
611	975
139	42
285	944
76	366
76	438
76	244
244	438
147	90
178	328
381	126
69	8
30	260
61	126
299	139
33	139
230	33
231	112
258	112
666	39
60	40
254	978
193	978
17	978
193	254
193	234
193	17
83	17
122	523
310	299
244	310
381	299
244	299
543	980
58	212
981	107
292	64
382	292
382	64
984	983
983	984
96	305
352	532
167	282
167	244
32	295
815	295
32	815
422	256
256	691
366	691
409	285
41	285
61	285
41	409
41	58
320	207
140	263
346	140
140	34
140	22
780	84
780	158
780	263
780	327
780	34
780	22
780	174
780	573
84	263
84	34
84	22
158	263
34	158
158	22
573	158
161	263
346	263
263	22
161	174
327	34
327	174
327	573
34	22
174	34
34	573
81	68
134	488
236	612
599	297
139	657
73	993
667	127
279	127
328	667
667	120
322	64
597	243
258	41
678	563
362	563
60	678
60	362
994	450
112	450
383	375
181	816
181	735
181	171
258	295
41	911
996	752
599	361
84	335
276	366
292	276
154	276
337	599
666	503
207	16
8	16
8	207
25	352
65	352
89	569
876	569
498	569
312	569
569	876
569	498
229	357
357	12
88	357
229	12
88	169
828	169
88	828
458	224
278	999
248	396
396	248
41	90
18	90
796	1003
310	409
695	258
32	355
259	355
72	542
58	228
76	104
790	104
27	104
310	104
104	250
76	409
790	409
27	409
155	409
68	409
351	409
147	409
409	250
181	409
790	76
111	76
310	76
155	76
854	76
76	351
76	250
790	27
790	155
68	790
790	854
790	351
790	147
790	250
790	362
790	181
790	244
155	27
27	200
854	27
27	250
27	362
27	244
310	111
68	310
310	200
310	351
310	362
310	244
155	854
155	351
155	250
181	155
155	244
68	854
68	250
68	181
68	244
854	200
200	244
854	351
854	147
854	250
854	362
181	854
854	244
147	351
351	250
362	351
147	362
147	244
181	250
244	250
181	362
181	244
257	1006
816	1006
816	39
257	816
1006	257
1006	881
150	451
61	33
126	693
133	22
372	22
372	133
133	308
33	41
372	308
308	41
282	435
435	282
64	306
244	64
264	153
153	264
264	35
264	84
264	391
35	264
84	35
105	35
391	84
105	391
315	721
721	305
675	475
475	607
26	329
36	20
979	139
189	820
32	156
15	156
156	458
126	45
126	458
45	126
32	45
15	458
754	827
376	240
668	139
146	668
147	1009
13	147
375	185
375	73
375	475
414	475
279	73
73	475
279	475
1010	33
299	25
271	370
637	16
293	250
537	250
293	416
293	537
560	665
715	44
64	194
697	1013
315	405
268	409
76	207
76	28
76	361
28	207
276	207
116	124
185	127
475	127
1014	243
1016	92
259	303
772	525
772	1017
772	477
64	68
346	68
351	68
234	68
715	68
691	68
477	525
525	171
525	346
525	308
1017	477
1017	346
1017	308
1017	715
64	171
64	351
64	234
64	1018
477	346
171	346
351	171
171	234
1018	171
351	346
346	308
316	346
691	346
351	715
1018	234
234	715
316	308
715	308
691	308
691	715
706	122
64	29
76	803
181	803
76	460
76	293
745	278
305	278
84	536
536	33
445	869
155	68
155	154
155	17
155	352
68	188
352	188
68	43
40	43
43	40
17	43
154	68
17	68
68	61
65	68
32	28
17	28
40	32
17	32
154	40
154	17
65	154
154	65
40	61
40	65
17	61
65	17
17	65
17	352
65	425
65	61
352	65
8	282
476	282
207	242
207	98
242	207
98	207
60	288
1024	353
241	355
61	355
111	61
355	223
33	223
223	61
61	534
241	61
241	450
355	61
33	61
75	293
375	139
375	339
1026	185
490	821
425	821
425	490
505	873
233	505
11	658
36	624
36	334
60	88
306	64
394	64
118	64
306	394
116	355
97	413
305	413
97	305
43	141
299	141
299	43
139	17
20	834
1013	834
834	20
834	1013
193	693
6	4
119	840
310	303
60	303
288	60
475	46
6	28
412	28
6	412
44	412
414	780
943	392
943	356
438	853
60	853
41	853
109	853
77	438
77	815
259	33
33	438
33	815
60	33
259	438
259	815
259	41
259	61
60	259
61	815
356	413
598	150
345	16
355	16
815	16
114	16
75	33
815	75
208	172
345	80
80	355
80	110
80	114
77	355
815	355
355	110
355	114
815	33
33	110
815	114
33	505
259	505
505	308
139	44
956	1032
109	282
244	849
150	624
150	806
475	525
536	637
4	478
939	265
338	265
939	338
939	88
276	350
350	338
28	152
114	478
94	288
33	261
33	467
61	467
147	715
155	2
282	169
282	32
69	282
535	849
242	180
180	69
8	180
207	535
207	193
207	106
207	169
207	32
535	207
193	207
193	242
242	169
193	8
8	106
8	410
535	106
535	169
476	106
60	106
476	32
476	69
69	169
69	32
60	69
273	827
97	83
361	80
234	169
32	16
32	576
576	61
32	251
299	60
32	33
32	60
113	467
12	467
32	467
113	662
32	662
32	113
32	59
172	59
356	679
173	679
6	375
345	621
146	113
32	908
259	908
88	908
110	908
88	111
251	32
251	259
32	110
110	259
88	110
90	959
42	139
207	594
474	291
642	649
649	642
116	525
525	458
212	116
116	212
557	207
882	207
134	1040
488	1040
212	11
122	608
207	253
768	207
425	256
41	260
138	516
338	301
264	306
306	200
106	658
33	658
491	213
464	144
1033	649
178	649
1045	1033
1046	114
207	114
1046	207
114	1046
114	207
255	6
266	162
15	162
260	435
593	750
256	401
264	364
41	25
362	25
41	362
18	362
315	935
315	84
248	50
448	12
75	658
137	33
194	554
194	60
42	310
265	977
119	305
32	255
901	50
1048	50
661	59
215	207
207	59
215	59
137	373
104	139
58	224
220	770
770	189
220	189
590	451
806	801
15	50
230	459
791	870
629	820
158	1050
134	56
542	134
6	355
236	355
137	355
6	236
6	321
6	137
140	861
60	861
734	360
33	734
60	734
33	360
60	360
321	469
412	80
412	345
772	827
414	596
538	392
538	1053
538	443
414	538
538	806
538	150
538	186
980	538
794	1053
794	56
794	653
414	794
794	51
794	150
143	1053
143	443
143	46
143	185
1052	392
392	841
449	392
185	392
392	150
185	963
980	963
414	1052
185	1053
980	1053
449	443
185	443
443	186
980	443
185	56
56	569
763	980
414	449
449	185
653	806
185	653
150	653
414	806
414	186
414	980
185	681
185	806
185	46
980	46
185	802
185	186
185	980
168	41
259	635
1055	1056
874	119
41	531
448	69
373	12
12	41
69	12
351	41
297	28
28	31
135	866
77	115
303	77
3	207
250	207
244	207
207	294
207	250
3	294
294	250
3	250
119	413
509	1059
61	426
61	112
438	412
469	412
469	276
244	276
438	469
1060	50
315	50
308	50
1060	315
308	315
301	59
467	355
59	355
355	352
625	999
18	52
697	184
8	476
468	476
88	211
412	44
88	177
458	119
351	458
294	11
123	575
772	95
772	29
392	95
95	29
264	208
274	191
259	110
259	350
259	244
61	110
244	350
49	769
362	303
355	460
362	460
258	124
124	104
207	14
207	126
126	207
536	649
476	396
133	1068
133	36
133	436
133	20
20	133
356	315
356	20
84	876
315	876
84	436
84	315
84	619
20	436
619	315
194	64
26	1069
448	1069
26	448
1069	26
1069	448
171	491
259	155
123	373
309	577
155	309
155	292
352	181
231	4
17	4
4	69
17	114
114	69
182	39
153	394
325	52
76	33
76	60
181	33
168	207
187	1072
210	178
225	1074
488	800
118	557
6	342
6	58
138	58
109	236
138	236
230	357
866	108
317	1
318	1
318	317
271	390
432	1079
25	601
81	601
1047	33
1047	361
581	258
581	217
77	944
260	77
158	730
20	730
743	428
428	158
428	327
20	428
428	22
743	158
743	327
743	34
22	158
34	327
20	34
1083	1082
233	726
244	726
467	80
33	80
449	968
375	979
247	873
439	491
67	491
67	439
321	152
781	127
127	186
8	908
137	357
35	498
391	793
391	498
77	27
171	27
32	27
171	32
249	355
39	90
346	40
155	346
178	15
81	154
308	154
260	308
718	451
820	451
718	820
820	718
451	718
28	27
259	27
32	175
69	175
69	28
169	69
32	69
69	259
302	491
139	200
76	393
505	393
33	393
539	76
539	80
76	80
76	505
31	208
41	208
208	41
31	80
80	505
41	80
240	89
41	31
31	41
41	505
818	110
35	115
576	355
282	412
563	215
126	88
463	207
463	412
463	438
463	288
463	244
207	412
207	438
207	288
207	244
412	438
288	412
412	288
412	244
8	438
8	288
608	467
251	516
172	516
1033	642
1090	1033
183	1050
238	1050
254	194
467	211
278	73
460	76
76	13
76	581
13	581
308	1093
15	522
14	473
473	32
14	32
291	40
501	256
109	16
448	447
308	791
1097	768
612	59
59	678
261	126
126	381
126	61
171	447
171	703
31	557
18	557
238	1098
35	178
25	435
76	16
542	525
775	884
775	782
782	884
19	884
782	19
18	4
325	53
36	812
701	418
355	1102
626	449
849	104
356	801
371	801
356	371
801	371
111	459
747	483
136	173
862	328
328	862
180	148
461	127
194	217
61	94
112	61
475	392
310	259
338	729
119	186
126	525
220	748
536	166
58	126
255	601
25	4
412	4
309	25
412	25
164	623
414	623
976	623
164	414
164	461
164	186
697	414
328	461
697	461
186	461
105	328
976	328
697	186
185	375
293	237
293	409
11	734
409	246
27	246
350	425
259	408
133	730
436	730
35	19
53	256
213	122
427	181
428	181
361	295
439	114
228	61
58	61
815	61
320	228
320	58
320	241
320	33
320	815
320	114
228	58
241	228
228	114
58	241
58	815
241	58
815	58
20	474
282	207
111	207
1109	87
473	139
139	4
473	4
213	734
177	16
490	256
490	425
111	554
209	285
171	285
213	355
243	304
474	243
312	243
185	430
185	445
975	570
351	94
77	193
32	77
77	351
193	61
351	61
236	861
94	27
94	32
281	32
438	3
815	513
513	815
360	42
259	76
315	505
41	350
350	41
754	427
59	16
168	59
177	59
28	687
32	152
570	975
275	774
35	776
35	569
35	275
477	776
477	569
569	776
275	776
275	569
607	164
299	200
246	409
458	409
26	217
29	266
458	266
80	217
80	703
246	217
458	246
458	29
1113	703
703	126
207	260
152	167
64	167
293	167
207	152
207	64
207	246
207	293
293	8
246	64
137	6
4	412
137	213
882	169
169	882
361	476
36	1115
443	449
94	473
152	473
207	473
111	473
88	473
207	94
476	94
88	94
152	513
152	32
207	513
8	513
513	476
88	476
42	435
171	435
343	353
505	42
505	258
487	1116
525	1004
563	861
119	206
133	858
4	194
12	361
314	309
281	309
1098	309
36	356
356	314
119	356
356	1118
445	356
315	81
552	258
281	258
371	258
305	258
36	1118
445	36
184	1098
119	314
315	314
281	314
371	314
314	305
119	315
371	119
665	1098
281	315
371	315
281	305
445	371
445	305
116	733
109	207
276	244
910	809
412	338
69	94
187	335
77	535
338	535
402	703
305	284
41	693
61	693
236	211
236	137
259	248
75	513
513	75
513	88
8	375
8	126
854	126
147	854
632	145
282	242
840	119
475	120
874	120
308	213
321	592
787	1126
581	11
458	11
27	344
27	882
77	15
212	572
501	155
1004	294
4	295
6	44
193	44
4	44
58	11
58	703
11	703
324	1129
236	32
137	32
776	183
776	782
259	729
61	729
544	218
418	134
88	861
76	167
76	59
76	114
59	167
167	59
167	213
167	293
167	114
336	114
59	213
59	114
213	59
293	59
213	114
293	114
605	50
64	1009
612	221
146	315
72	705
315	281
315	705
326	172
76	313
501	352
51	502
346	502
174	51
1054	211
505	115
72	334
72	36
20	72
306	3
173	544
327	544
460	412
204	155
113	155
155	204
175	139
139	175
139	299
8	1135
193	1135
447	1135
599	1135
882	1135
41	1135
177	447
177	599
177	41
242	193
242	599
59	242
77	447
77	599
8	193
8	447
8	599
8	882
41	8
599	193
147	193
193	882
599	447
59	447
41	447
59	599
599	882
41	599
59	41
41	147
41	882
569	334
84	525
19	525
436	15
122	373
1112	122
177	58
4	463
841	46
44	152
13	361
299	362
299	244
68	152
6	505
745	218
882	27
15	353
230	124
88	124
33	600
186	120
388	556
233	291
708	258
708	217
293	217
782	391
13	16
259	16
259	13
59	255
943	22
68	17
542	1140
81	537
185	95
186	95
42	176
346	918
111	285
249	58
230	58
285	58
1047	58
525	285
525	15
249	285
1047	249
249	1047
230	285
271	285
1047	285
818	693
234	516
665	334
439	361
884	1115
668	1115
794	309
428	794
315	794
315	428
264	246
35	246
246	264
964	1086
125	854
854	125
854	505
502	465
502	362
502	1031
465	362
465	1031
465	881
881	1031
751	544
480	544
468	329
133	203
410	180
454	180
167	98
429	268
193	68
147	68
106	61
190	29
127	225
8	373
967	1064
109	362
76	27
217	76
76	194
217	27
27	194
244	27
217	181
217	194
244	194
27	873
458	15
262	573
114	198
32	114
167	729
361	729
60	729
361	357
60	357
352	325
31	467
77	393
951	518
414	518
113	7
3	512
59	3
1098	774
244	18
315	19
697	964
697	1086
247	393
259	393
60	393
77	28
794	580
12	8
513	224
224	12
138	59
1047	709
179	866
12	729
88	361
33	230
394	33
230	171
537	171
17	250
250	17
322	621
360	493
177	113
540	293
417	43
697	157
697	209
697	571
385	571
362	147
465	768
58	122
230	122
122	230
448	329
33	361
469	709
259	478
430	461
597	981
291	474
829	782
980	474
829	802
282	463
410	463
525	133
15	525
249	706
618	47
293	33
438	435
104	141
25	935
271	59
1153	99
33	447
207	361
133	243
133	372
949	158
187	243
158	372
1134	187
243	597
304	243
243	596
33	177
356	372
1154	120
109	351
119	274
58	565
168	534
177	259
534	259
236	114
236	61
259	258
109	258
259	114
659	644
439	138
25	83
256	501
11	76
202	11
202	1158
35	134
35	158
174	35
134	178
158	178
36	134
134	158
36	174
33	174
298	351
298	362
351	362
494	825
80	738
391	334
310	176
438	176
299	310
438	310
438	42
299	438
133	115
187	115
133	474
185	1005
1005	73
185	474
187	73
637	59
81	412
412	301
81	301
624	951
248	259
4	1160
69	194
213	572
213	815
228	124
35	429
708	33
13	259
4	435
33	439
439	556
439	33
247	124
60	295
61	295
136	126
414	862
185	862
134	263
185	134
414	452
185	263
32	600
88	600
36	884
884	36
661	585
58	729
27	729
175	729
171	729
58	171
27	259
415	438
121	438
247	74
989	474
701	20
597	20
312	597
163	597
597	163
243	35
35	243
35	304
474	35
35	474
35	20
312	35
243	20
20	243
20	304
163	304
474	20
312	474
474	163
312	20
596	20
312	596
163	312
73	1164
447	303
453	557
230	658
207	734
513	734
8	734
146	207
511	41
33	726
708	726
155	572
708	572
155	193
18	155
33	193
708	193
193	211
885	211
230	1108
33	1108
552	64
505	116
244	729
97	353
285	233
461	186
754	50
121	10
76	94
394	77
32	42
32	30
402	527
1059	527
58	757
302	757
302	58
537	16
276	729
452	680
213	637
296	256
41	32
3	16
308	16
308	3
172	3
790	141
513	141
18	790
228	361
4	585
175	554
29	175
362	28
281	158
158	949
327	949
155	281
155	327
749	436
467	31
467	114
109	467
31	114
109	31
207	600
6	600
6	207
15	344
25	911
244	104
244	258
310	473
31	491
4	301
495	227
150	901
64	1105
118	308
502	268
463	362
114	362
576	361
104	513
111	513
259	513
361	513
41	513
68	350
299	68
109	68
76	141
88	505
6	16
409	293
88	293
525	19
73	205
73	452
581	13
581	351
448	124
68	303
77	303
220	488
28	261
28	59
61	260
412	194
278	679
793	50
19	50
346	50
19	793
325	729
61	365
113	61
448	33
519	97
989	750
750	989
412	473
412	552
258	463
463	213
552	463
11	213
11	32
244	11
258	32
552	32
244	552
412	169
73	754
259	1110
58	389
146	355
513	355
358	50
165	50
358	165
194	76
212	58
58	116
209	116
384	355
659	884
863	762
58	768
199	64
293	16
77	293
415	68
75	476
75	297
10	513
513	10
12	215
215	112
112	215
10	12
12	112
171	172
324	366
324	90
366	90
310	16
111	215
292	3
3	469
154	18
357	285
69	357
69	285
537	80
234	412
75	540
80	416
80	215
80	301
301	416
215	77
77	469
8	540
8	469
215	540
301	540
172	540
469	540
215	301
215	469
301	469
301	112
112	469
543	50
46	50
543	185
271	1176
451	272
258	346
542	346
1178	744
29	693
180	242
27	3
320	557
114	228
264	36
13	28
69	261
305	371
168	213
718	50
439	703
236	33
236	815
14	27
670	119
32	14
351	14
72	569
372	50
119	372
501	285
503	501
501	503
425	501
503	285
425	503
543	392
236	126
33	126
282	600
111	600
468	600
51	770
308	375
35	183
178	183
19	183
840	183
35	428
19	428
840	35
901	178
19	178
417	901
417	840
417	18
901	19
840	19
4	600
282	4
33	476
1184	1073
105	900
670	126
258	68
599	68
258	599
60	599
178	413
816	257
127	1010
461	1010
185	1010
73	1010
73	127
127	73
73	461
461	73
73	185
186	73
637	557
155	501
388	122
384	357
6	209
138	209
6	138
410	366
21	218
155	11
233	155
155	18
44	171
44	18
44	362
233	171
233	362
362	171
362	18
119	664
51	664
372	664
372	51
64	460
276	460
338	33
1069	217
967	518
967	272
248	96
320	768
650	841
44	557
44	193
135	126
193	126
122	126
213	126
259	126
17	126
126	135
126	193
17	193
126	122
126	213
126	259
126	17
17	213
17	259
386	87
793	353
97	1010
281	26
137	476
59	476
281	476
281	137
177	355
1191	155
104	849
27	301
104	124
234	193
81	516
766	380
174	33
355	25
231	27
702	27
231	59
259	702
259	59
167	381
465	168
485	475
152	139
61	139
171	464
228	207
228	491
228	213
207	491
207	213
248	171
119	775
119	542
119	171
432	840
278	432
1079	432
626	432
278	1079
372	278
256	458
139	24
1047	409
409	1047
177	1047
193	1047
1047	122
122	1047
1047	126
126	1047
15	1047
460	400
41	115
184	1198
184	679
679	1198
305	187
116	375
732	198
362	139
44	126
33	362
161	1004
581	41
362	581
194	581
362	60
362	41
194	18
362	194
75	295
75	261
77	935
361	211
314	268
849	29
299	29
305	529
116	209
209	1010
377	209
116	90
116	1010
116	377
90	116
1010	116
377	116
196	518
596	196
32	734
32	6
32	4
485	19
328	19
485	328
96	17
393	255
172	720
19	115
19	133
19	15
1152	185
1200	696
32	285
315	619
305	619
409	139
409	138
230	138
111	139
294	139
276	139
351	139
152	104
104	68
152	294
111	294
276	68
403	89
371	403
502	40
34	40
109	693
240	168
400	329
94	468
217	16
473	282
42	473
42	88
672	378
598	378
378	372
598	372
976	372
76	266
76	305
281	266
372	266
305	266
68	325
137	734
32	137
27	40
136	876
177	734
80	382
310	382
83	382
4	382
80	412
80	4
310	83
310	4
35	83
382	83
246	599
361	246
360	599
361	599
361	360
321	412
200	412
321	200
366	693
77	124
442	526
1123	92
345	393
4	350
236	313
236	177
118	353
25	33
251	355
282	361
194	282
194	111
69	111
10	121
69	381
69	361
194	69
194	244
180	146
1203	750
81	24
43	308
278	353
94	635
276	635
147	635
41	635
635	94
94	276
635	276
635	41
412	321
213	853
494	256
58	472
307	1111
522	305
305	126
315	307
305	307
233	114
815	217
114	217
6	1100
11	114
230	217
301	217
33	217
562	301
217	301
33	301
187	313
139	104
139	438
126	438
31	62
62	31
410	288
225	35
64	261
11	513
305	721
340	35
340	178
884	340
884	35
884	178
180	124
276	292
33	303
303	42
303	33
523	228
207	464
476	435
539	83
339	617
676	413
43	469
81	469
706	104
469	81
469	706
576	211
884	183
884	46
884	672
901	22
262	158
626	446
663	446
446	626
446	663
83	95
95	83
753	95
83	97
753	97
83	753
753	83
405	413
775	837
775	401
775	829
401	837
1113	829
815	224
263	780
119	458
42	373
4	728
366	728
308	728
147	366
366	308
158	428
968	449
185	449
968	185
526	800
114	213
57	58
161	50
76	308
383	308
56	1050
624	1050
576	692
476	513
172	513
513	172
172	476
307	774
293	412
412	537
175	18
175	537
175	69
230	213
234	113
217	293
217	537
69	217
233	537
18	213
537	213
69	213
18	293
69	293
18	537
69	537
121	435
351	207
189	498
54	141
276	141
394	276
315	188
308	188
308	77
876	315
315	308
1078	451
1015	1078
186	519
175	557
2	16
202	115
339	302
310	700
362	700
362	113
463	468
18	849
460	28
1017	37
668	37
94	68
94	18
68	64
18	64
109	18
88	708
412	167
460	167
261	167
255	167
12	167
138	167
285	228
122	228
228	31
57	228
33	228
361	228
293	228
58	261
58	255
58	31
361	58
58	608
361	412
122	525
31	525
57	525
33	525
361	525
460	285
172	460
137	261
255	261
31	261
59	261
361	261
172	261
293	261
114	261
138	261
122	285
285	12
285	31
57	285
172	285
293	285
285	61
138	285
137	255
137	59
33	137
137	608
122	255
122	12
122	31
122	59
57	122
172	122
293	122
138	122
255	12
31	255
255	59
57	255
33	255
361	255
293	255
114	255
138	255
172	12
293	12
114	12
138	12
31	59
57	31
361	31
114	31
138	31
33	59
361	59
114	59
57	33
361	57
293	57
57	608
114	57
57	61
138	57
33	608
138	33
293	361
293	172
293	138
114	608
608	61
138	114
138	61
815	168
46	626
626	186
133	268
27	268
876	268
29	268
119	268
371	268
268	133
371	133
268	27
268	876
876	371
371	29
268	336
268	371
31	768
670	314
791	296
76	152
200	887
200	537
31	537
528	144
194	908
678	337
144	337
678	383
678	18
268	331
111	585
193	139
259	139
60	139
139	193
139	60
77	439
754	1050
520	61
133	1096
412	534
33	207
384	138
138	293
249	61
745	353
168	702
380	766
44	907
460	144
27	463
27	476
27	410
258	861
175	853
276	853
75	361
64	575
15	346
432	134
36	240
180	287
1216	20
240	1073
308	305
303	351
400	351
41	303
400	41
76	57
1218	57
465	57
61	76
1057	1218
465	224
61	224
346	378
346	351
171	118
183	218
244	114
473	350
144	400
534	76
77	68
635	68
534	68
77	258
77	635
258	534
989	28
1026	19
19	171
743	35
782	477
436	477
118	477
296	1220
301	44
301	4
172	658
658	172
449	1086
1086	449
488	50
599	256
4	552
619	335
123	8
94	194
469	194
94	104
94	469
147	469
76	14
459	76
1223	76
76	69
1223	459
459	69
1223	69
358	1224
862	518
328	518
111	491
153	171
595	260
570	1227
358	570
32	566
6	111
33	394
64	217
119	342
392	820
579	820
579	392
505	41
103	35
35	36
19	413
229	313
126	313
458	313
157	827
119	827
430	525
430	157
430	246
430	315
430	186
229	525
126	670
315	246
246	458
229	126
229	458
792	119
315	737
244	592
7	107
321	681
126	53
366	715
438	124
124	438
64	535
467	608
467	61
10	351
127	128
432	461
248	155
235	155
32	155
637	361
69	215
76	534
181	256
181	534
72	225
36	50
537	303
1015	1032
1078	1032
285	114
114	80
599	861
599	90
90	352
396	61
123	447
123	114
41	114
168	1234
61	253
929	1235
73	1235
73	929
929	73
27	678
623	1236
809	743
308	743
809	308
77	64
32	64
32	41
81	585
58	357
612	373
247	255
230	329
910	120
249	207
295	435
584	494
126	27
180	25
15	84
84	307
84	308
42	412
42	345
476	345
233	301
854	501
25	393
111	393
460	393
172	393
409	41
68	41
81	41
259	69
340	403
22	875
22	34
39	366
32	366
316	366
18	366
32	39
39	316
90	32
90	18
345	313
452	35
1242	73
186	1242
169	400
8	10
703	301
61	703
1156	1167
1156	558
321	124
244	554
244	60
244	352
849	435
242	321
460	321
482	200
185	1243
73	1243
76	282
282	438
282	18
539	25
539	69
572	76
25	76
76	155
76	557
76	193
76	90
76	61
572	155
572	61
25	155
25	557
25	438
557	155
242	155
28	155
155	438
242	557
77	557
28	557
33	557
557	438
69	557
242	438
77	69
65	18
59	491
491	59
114	491
94	168
171	309
815	32
815	88
309	268
41	81
148	17
148	717
148	270
281	116
599	144
32	726
58	467
815	467
42	351
88	448
850	388
815	326
352	104
104	463
176	463
438	463
463	41
65	463
176	299
176	41
299	417
65	417
438	299
299	41
65	299
438	41
40	352
712	211
438	693
60	693
202	24
505	77
152	463
292	285
862	142
143	862
142	862
305	704
566	400
75	175
463	175
461	1248
448	491
361	491
448	361
461	462
19	462
73	462
19	461
540	28
476	295
780	66
154	554
438	27
537	27
181	537
882	316
316	882
459	463
459	351
446	35
446	19
19	446
35	446
58	516
183	56
436	183
56	278
544	158
544	72
494	820
820	494
186	97
308	260
35	624
129	624
266	35
35	129
276	200
1103	774
126	464
352	68
68	463
68	412
262	264
36	264
681	264
20	264
558	264
262	36
262	20
681	558
77	217
77	171
171	217
31	217
32	217
32	31
831	717
597	50
447	337
294	435
515	1006
133	353
1253	1103
27	64
64	175
230	16
123	16
359	916
244	152
162	55
624	1086
268	1098
809	305
487	359
612	217
612	171
362	168
114	168
175	362
175	114
35	772
865	448
1116	891
53	268
17	268
53	402
268	402
325	402
402	17
268	53
53	17
325	17
26	320
167	152
75	244
167	76
244	167
60	61
60	244
293	27
272	582
147	29
598	178
598	186
249	49
217	171
555	16
236	733
362	693
282	592
794	84
30	126
610	387
488	780
1019	501
310	152
42	152
299	152
304	804
666	352
414	1086
44	41
259	44
41	44
41	12
892	666
892	325
213	168
77	213
18	244
207	295
501	64
61	168
381	276
242	172
80	463
463	59
592	463
592	80
476	59
592	476
513	259
259	297
623	46
465	171
116	439
176	528
662	176
75	32
75	94
213	75
75	69
60	94
94	69
213	60
213	41
213	69
361	69
233	409
308	409
409	233
308	233
780	218
488	218
158	218
186	218
780	488
186	780
158	488
186	488
186	158
151	653
185	1086
153	373
552	373
153	552
251	1059
463	585
463	282
818	729
492	1098
154	691
58	124
1037	122
491	122
467	122
420	122
1037	491
1037	467
1037	302
491	467
491	302
467	302
32	935
1257	1032
263	29
161	40
128	475
590	256
837	775
477	775
264	262
264	477
264	346
183	884
837	35
262	884
477	262
346	477
40	346
1112	420
693	44
4	152
194	28
315	383
491	177
213	177
177	213
491	261
261	491
213	261
491	32
491	61
6	535
28	554
412	111
460	42
244	853
4	282
21	501
380	67
525	67
44	4
262	21
262	19
126	81
81	4
126	4
126	67
19	315
882	254
712	168
153	295
76	153
818	908
749	688
28	693
138	329
355	12
355	302
168	126
782	1164
88	397
360	60
540	124
362	473
242	139
253	438
253	60
308	158
569	391
14	60
113	244
64	557
564	64
840	1098
651	840
1098	840
525	436
189	436
813	35
167	1261
255	1160
75	255
513	255
8	255
208	171
371	896
207	261
36	916
113	121
412	1034
772	21
963	29
119	29
21	29
308	29
332	119
133	378
1005	842
155	430
543	430
430	428
862	430
1265	430
392	243
155	156
431	155
246	155
543	862
432	543
543	1265
168	44
862	183
431	72
1265	243
432	667
432	1265
328	36
46	36
733	217
733	126
19	699
19	391
19	498
19	312
19	142
263	699
445	263
206	699
815	699
73	699
186	699
142	699
498	391
651	186
651	120
526	34
815	69
73	142
73	120
1	246
623	142
725	553
398	1016
207	364
4	265
754	218
409	156
409	19
19	156
58	1266
230	174
557	468
152	557
11	757
158	986
412	69
244	193
233	438
244	69
244	435
177	617
88	617
177	88
939	124
715	41
715	65
36	262
382	110
73	328
328	414
328	73
60	64
322	59
158	181
610	166
75	499
499	193
76	232
308	232
231	76
76	231
76	246
231	246
636	246
2	1269
233	250
892	250
250	892
678	64
599	188
298	599
80	513
123	513
68	52
394	68
60	255
109	293
517	590
150	392
765	392
765	150
150	765
156	409
35	409
346	409
409	76
409	35
409	346
156	76
76	29
268	76
346	76
76	147
268	35
346	147
346	316
463	310
381	400
341	821
53	503
92	651
448	466
448	865
448	252
448	138
466	448
252	448
865	466
252	466
337	303
528	303
460	169
337	528
337	169
337	69
144	69
605	522
88	59
215	887
412	215
412	3
215	28
28	3
215	3
4	200
18	200
200	4
4	18
18	250
194	80
425	260
128	623
781	623
461	623
461	128
279	128
461	279
410	27
27	172
276	202
41	202
410	41
41	172
119	73
372	73
207	352
139	325
697	1198
599	18
36	668
193	122
270	16
309	501
309	141
141	501
266	54
266	141
141	54
141	4
378	105
485	105
1154	105
378	1154
105	378
378	679
1154	165
105	525
679	525
1154	485
105	485
105	1154
142	1154
308	24
480	342
480	158
166	480
166	158
137	141
340	371
36	596
167	1034
8	167
8	33
59	60
133	50
617	32
6	373
4	373
88	4
266	569
248	258
499	31
240	499
499	308
65	491
105	306
208	215
356	991
705	800
412	415
415	412
415	592
412	592
592	412
4	468
539	27
539	172
463	27
463	4
4	27
27	59
172	27
111	217
111	4
815	536
217	59
217	172
4	59
4	60
129	103
103	129
13	139
448	6
6	69
177	69
49	58
1185	851
32	516
58	32
28	301
358	451
751	124
3	350
76	224
612	516
980	128
128	225
980	936
76	217
394	217
333	503
333	425
465	249
389	766
116	33
116	320
599	76
308	76
266	133
436	266
308	266
181	266
207	209
207	308
207	181
308	436
361	209
599	308
599	181
308	361
308	147
308	181
381	259
88	75
499	50
488	624
916	884
105	884
105	916
259	417
259	299
76	259
199	76
827	190
519	432
281	338
438	282
887	169
189	598
566	76
94	152
42	29
154	29
23	29
154	42
154	194
378	133
266	378
378	15
266	372
15	436
627	475
19	606
19	370
410	126
463	592
352	260
104	435
495	329
155	126
303	155
322	1117
499	353
474	1050
293	348
46	20
142	20
46	142
104	502
154	104
581	76
891	76
154	76
174	76
18	76
581	502
258	502
502	891
154	502
502	351
502	147
502	41
65	502
581	64
154	64
64	18
258	581
581	171
154	581
581	40
174	891
40	891
154	171
41	171
244	171
154	351
154	41
154	244
244	351
40	147
244	147
40	174
40	18
40	244
18	40
244	41
65	244
302	815
968	809
809	684
874	809
684	305
305	356
372	544
452	811
862	1086
256	182
256	574
266	174
126	447
136	315
109	715
495	706
77	146
33	146
11	33
6	708
259	907
217	246
366	27
234	44
75	10
32	75
56	305
599	16
599	111
294	460
460	599
294	98
98	599
77	394
394	308
77	308
6	88
425	859
706	865
72	95
385	95
820	72
72	461
385	461
372	619
432	342
180	557
207	557
124	557
121	557
260	557
180	207
557	180
124	223
557	124
121	124
557	260
138	207
76	552
540	552
41	552
76	540
28	540
540	33
41	540
447	33
268	41
113	435
358	405
988	358
358	157
358	385
358	166
827	157
827	385
405	315
385	405
405	166
988	29
988	22
988	142
461	157
185	157
29	263
29	315
327	784
461	315
461	385
461	166
461	142
771	158
263	771
158	315
22	263
385	315
185	315
315	166
315	142
281	166
185	385
385	142
185	498
22	185
185	166
185	142
185	560
498	560
626	624
391	569
604	285
133	19
105	133
77	59
81	59
88	295
403	29
29	1098
