Word	 Cascade	 Frequency
131	1	1
133	1	2
70	1	1
55	1	2
137	1	1
42	1	1
3	2	1
19	2	1
86	2	1
55	2	1
137	2	2
81	3	1
134	3	1
70	3	1
87	3	1
78	3	2
30	3	1
46	3	1
33	4	1
130	4	1
22	4	1
57	4	1
12	4	1
47	4	1
81	5	1
70	5	1
87	5	1
30	5	1
46	5	1
78	5	1
96	6	1
128	6	2
97	6	1
85	6	1
111	6	2
83	7	1
55	7	1
10	7	1
81	8	1
130	8	1
118	8	1
27	8	2
60	8	1
30	8	1
127	8	1
81	9	1
130	9	1
118	9	1
27	9	2
60	9	1
30	9	1
19	10	1
115	10	1
68	10	1
104	10	1
28	10	1
12	10	1
94	10	1
88	11	1
137	11	1
60	11	1
49	12	1
137	12	1
60	12	1
95	12	1
66	13	1
56	13	1
63	13	1
98	14	1
70	14	1
62	14	1
80	15	1
35	15	1
26	15	1
99	16	1
58	16	1
75	16	1
125	16	1
93	16	1
129	17	1
100	17	1
70	17	1
121	17	1
25	17	1
113	18	1
68	18	1
36	18	1
129	19	1
70	19	1
121	19	1
137	20	1
28	20	1
60	20	1
140	20	1
51	21	1
19	21	1
55	21	2
39	21	1
142	21	1
129	22	1
81	22	1
4	22	1
87	22	1
121	22	1
78	22	1
142	22	1
112	23	1
114	23	1
132	23	1
38	23	1
135	23	1
125	23	1
144	24	1
129	24	1
5	24	1
21	24	1
38	24	1
45	24	1
66	25	1
27	25	1
60	25	2
63	25	1
50	26	1
115	26	1
68	26	1
133	26	2
86	26	1
119	26	1
88	26	1
12	26	1
28	26	1
60	26	1
63	26	1
124	27	2
144	28	1
129	28	1
33	28	1
65	28	1
5	28	1
71	28	1
88	28	1
120	28	1
124	28	1
30	28	2
14	28	1
131	29	1
100	29	1
23	29	1
135	29	1
42	29	1
19	30	1
135	30	2
88	30	1
42	30	1
19	31	1
135	31	2
88	31	1
42	31	1
129	32	3
81	32	1
36	32	1
137	32	1
106	32	1
45	32	1
142	32	3
142	33	1
16	34	1
131	34	1
8	34	1
42	34	1
94	34	1
96	35	2
144	35	1
84	35	1
9	35	2
108	35	1
96	36	2
144	36	1
84	36	1
9	36	2
107	36	1
102	37	2
36	38	1
113	39	1
25	39	1
12	39	1
47	39	1
25	40	1
43	40	1
144	41	1
100	41	3
7	41	1
55	41	1
68	42	1
133	42	1
55	42	1
122	42	1
28	42	1
60	42	1
63	42	1
17	43	1
97	43	1
2	43	1
4	43	1
9	43	1
91	43	1
30	43	1
1	44	1
100	44	1
22	44	1
29	44	1
78	44	1
81	45	1
82	45	1
115	45	1
102	45	1
70	45	1
137	45	1
124	45	1
55	46	1
45	46	1
129	47	1
115	47	1
36	47	1
89	47	1
137	47	1
33	48	1
3	49	1
137	49	3
90	49	1
123	49	1
124	49	1
95	49	1
144	50	1
64	50	1
36	50	1
55	50	1
42	50	1
110	50	1
78	50	1
67	51	1
55	51	2
80	52	1
112	52	1
48	52	1
100	52	1
132	52	1
87	52	1
137	52	1
144	53	1
129	53	1
119	53	1
78	53	1
142	53	1
1	54	1
81	55	1
50	55	1
3	55	1
70	55	1
88	55	1
50	56	1
3	56	2
131	56	1
100	56	1
55	56	1
57	56	1
60	56	1
30	56	1
115	57	1
84	57	1
102	57	1
107	57	2
109	57	1
19	58	1
100	58	1
134	58	1
26	58	1
64	59	1
19	59	1
58	59	1
75	59	1
55	60	1
88	60	1
43	60	1
124	60	1
62	60	1
1	61	1
38	61	1
29	61	2
144	62	1
55	62	2
13	62	1
144	63	1
99	63	1
55	63	2
13	63	1
96	64	1
55	64	1
137	64	1
27	64	1
60	64	1
64	65	1
22	65	1
55	65	1
56	65	1
136	65	1
108	65	1
115	66	1
55	66	2
26	66	1
63	66	1
21	67	1
38	67	1
60	67	1
127	67	1
48	68	2
80	68	1
36	68	1
133	68	1
7	68	1
121	68	1
137	68	1
140	68	1
115	69	1
68	70	1
55	70	2
104	70	2
88	70	2
137	70	2
96	71	1
84	71	2
5	71	1
6	71	2
86	71	1
93	71	1
96	72	1
84	72	2
5	72	1
6	72	2
86	72	1
93	72	1
22	73	1
78	73	1
84	74	1
6	74	1
55	74	2
96	75	1
2	75	1
52	75	1
22	75	1
42	75	1
140	75	1
29	75	1
78	75	1
31	75	1
56	76	1
105	76	1
28	76	1
124	76	1
79	76	1
117	77	1
119	77	1
88	77	1
137	77	1
129	78	1
50	78	1
29	78	1
48	79	1
129	79	1
50	79	1
89	79	1
59	79	1
29	79	1
19	80	1
83	80	1
115	81	1
7	81	1
55	81	2
28	81	2
13	81	1
98	82	1
37	82	1
85	82	1
56	82	1
44	82	1
29	82	1
45	82	1
110	82	1
66	83	1
2	83	1
99	83	1
19	83	1
52	83	1
55	83	1
39	83	1
25	83	1
124	83	1
44	83	1
29	83	1
78	83	1
99	84	1
52	84	1
55	84	1
124	84	1
29	84	1
78	84	1
66	85	1
2	85	1
19	85	1
39	85	1
25	85	1
44	85	1
99	86	1
52	86	1
55	86	1
124	86	1
29	86	1
78	86	1
114	87	1
118	87	2
27	87	1
96	88	1
11	88	1
81	89	1
17	89	1
4	89	1
85	89	1
55	89	1
88	89	1
45	89	1
64	90	1
104	90	1
58	90	1
75	90	1
139	90	1
82	91	1
70	91	3
103	91	1
49	92	2
84	92	1
102	92	2
6	92	1
55	92	2
26	92	1
139	92	1
140	92	2
44	93	1
116	94	1
102	94	1
55	94	6
123	94	1
79	94	1
121	95	1
20	96	1
38	96	1
72	96	1
109	96	1
20	97	1
38	97	1
72	97	1
10	97	1
109	97	1
96	98	2
128	98	1
7	98	1
56	98	1
124	98	1
28	98	1
111	98	1
82	99	1
115	99	1
54	99	1
7	99	1
23	99	1
128	100	1
111	100	1
48	101	1
32	101	1
90	101	1
83	102	1
55	102	1
88	102	1
109	102	1
128	103	1
80	103	1
3	103	1
112	104	1
114	104	1
132	104	1
4	104	1
69	104	1
38	104	1
137	104	1
121	104	1
76	104	1
80	105	1
49	105	1
5	105	1
133	105	1
7	105	1
135	105	1
124	105	1
13	105	1
80	106	1
81	106	1
115	106	1
4	106	1
36	106	1
55	106	1
135	106	1
43	106	2
125	106	1
81	107	1
33	107	1
51	107	1
21	107	1
38	107	1
23	107	1
105	107	1
140	107	1
77	107	1
30	107	1
78	107	1
63	107	1
3	108	1
139	108	1
88	109	1
43	109	1
110	109	1
81	110	2
4	110	1
124	110	1
51	111	1
38	111	1
102	111	1
73	111	1
29	111	1
81	112	1
83	112	1
115	112	2
55	112	1
104	112	1
2	113	1
19	113	1
9	113	1
106	113	1
123	113	1
125	113	1
100	114	1
88	114	1
12	114	1
47	114	1
48	115	1
69	115	1
101	115	1
133	115	1
86	115	1
137	115	1
121	115	1
61	115	1
143	115	1
144	116	1
3	116	1
83	116	1
142	116	1
17	117	1
30	117	1
130	118	2
137	118	2
58	118	1
75	118	1
13	118	2
94	118	1
63	118	1
37	119	1
124	119	1
29	119	1
96	120	1
55	120	1
56	120	1
88	120	1
44	120	1
31	120	1
18	121	1
55	121	1
43	121	1
77	121	1
15	121	1
55	122	1
124	122	2
69	123	1
55	123	1
121	123	1
137	123	1
110	123	1
100	124	1
88	124	1
60	124	1
96	125	1
3	125	1
4	125	1
134	125	1
137	125	1
124	125	1
80	126	1
114	126	1
4	126	1
100	126	1
88	126	2
57	126	1
28	126	1
60	126	1
63	126	1
51	127	1
74	127	1
44	127	1
96	128	1
64	128	1
115	128	1
103	128	1
135	128	1
71	128	1
58	128	1
75	128	1
32	129	1
101	129	2
133	129	1
55	129	4
104	129	1
122	129	2
63	129	1
4	130	1
134	130	1
78	130	1
30	130	1
33	131	1
3	131	1
83	131	1
104	131	1
26	131	1
139	131	1
60	131	1
1	132	1
4	132	1
106	132	1
28	132	1
29	132	1
133	133	1
104	133	1
136	133	1
144	134	1
96	134	1
1	134	1
82	134	1
61	134	1
13	134	1
81	135	1
114	135	1
37	135	1
71	135	1
79	135	1
129	136	1
19	136	2
35	136	1
5	136	1
40	136	1
104	136	1
45	136	1
97	137	1
3	137	1
55	137	1
137	137	1
45	137	1
142	137	1
55	138	2
64	139	2
37	139	1
70	139	1
136	139	1
35	140	1
4	140	1
20	140	1
38	140	1
121	140	1
73	140	1
29	140	1
117	141	1
7	141	1
55	141	1
110	141	1
115	142	2
85	142	2
122	142	1
60	142	1
28	142	1
124	142	1
30	142	1
15	142	1
133	143	1
136	143	1
28	143	1
32	144	1
32	145	1
144	146	1
96	146	1
9	146	1
107	146	1
75	146	1
29	146	1
113	147	1
37	147	1
137	147	1
28	147	1
55	148	1
9	148	2
58	148	1
75	148	1
29	148	1
93	148	2
63	148	1
34	149	1
19	149	1
84	149	1
5	149	1
133	149	1
6	149	1
137	149	2
106	149	1
108	149	1
13	149	1
81	150	1
130	150	1
96	151	1
44	151	1
110	151	1
19	152	1
52	152	1
100	152	1
102	152	1
55	152	1
124	152	1
109	152	1
114	153	1
55	153	1
95	153	1
34	154	1
19	154	1
99	154	1
100	154	1
119	154	2
122	154	1
140	154	1
3	155	1
19	155	1
86	155	1
137	155	2
140	155	1
137	156	2
28	156	1
83	157	1
89	157	1
90	157	1
13	157	1
142	157	2
84	158	1
55	158	1
106	158	1
107	158	1
92	158	1
124	158	1
61	158	1
13	158	1
47	158	1
96	159	1
66	159	1
9	159	1
35	160	1
122	160	1
141	160	1
61	160	1
30	160	1
63	160	1
112	161	1
16	161	1
3	161	1
132	161	1
52	161	1
97	162	1
5	162	1
137	162	1
129	163	1
120	163	1
43	163	1
101	165	1
22	165	1
140	165	1
96	166	1
113	166	1
133	166	1
55	166	1
27	166	1
28	166	1
141	166	1
46	166	1
81	167	1
98	167	1
124	167	1
109	167	1
62	167	1
14	167	1
143	167	1
80	168	1
96	168	1
137	168	1
27	168	1
84	169	1
21	169	1
5	169	1
38	169	1
55	170	1
98	171	1
69	171	2
55	171	1
137	171	1
25	171	1
42	171	1
44	171	1
15	171	1
66	172	1
131	172	1
88	172	1
137	172	1
63	172	1
69	173	1
86	173	1
55	173	1
88	173	1
62	173	1
15	173	1
32	174	1
82	174	1
4	174	1
86	174	1
142	174	1
128	175	1
3	175	1
55	175	1
124	175	1
125	175	1
111	175	1
53	176	1
55	176	1
124	176	1
30	176	2
130	177	1
53	177	1
55	177	1
124	177	1
110	177	1
30	177	3
131	178	1
7	178	1
55	178	1
46	178	1
19	179	1
55	179	1
88	179	1
57	179	1
124	179	1
19	180	1
88	180	1
57	180	1
124	180	1
100	181	1
84	181	1
133	181	1
55	181	2
7	181	1
88	181	2
107	181	1
60	181	1
63	181	1
2	182	1
84	182	1
55	182	1
88	182	1
40	182	1
84	183	1
55	183	1
104	183	1
89	183	1
127	183	1
5	184	1
98	185	1
36	185	2
69	185	1
119	185	1
83	186	2
68	186	3
81	187	1
84	188	1
21	188	1
11	188	2
140	188	1
48	189	1
18	189	1
41	189	1
129	190	1
22	190	1
137	190	1
82	191	1
100	191	1
116	191	1
39	191	1
55	191	1
139	191	1
124	191	1
65	192	2
21	192	1
39	192	1
120	192	1
29	192	1
65	193	1
39	193	1
120	193	1
25	193	1
61	193	1
64	194	1
81	194	1
99	194	1
39	194	1
55	194	2
25	194	1
114	195	1
50	195	1
38	195	2
73	195	1
45	195	1
50	196	1
5	196	1
19	197	1
103	197	1
123	197	1
28	197	1
60	197	1
45	197	1
112	198	2
132	198	1
5	198	1
64	199	1
99	199	1
88	199	1
140	199	1
14	199	1
130	200	1
84	200	1
118	200	1
55	200	1
40	200	1
107	200	1
43	200	1
21	201	1
55	201	1
142	201	1
30	201	1
84	202	1
5	202	1
6	202	1
115	203	1
4	203	1
55	203	1
8	203	1
88	203	1
58	203	1
74	203	1
75	203	1
88	204	1
60	204	1
63	204	1
5	205	1
137	205	1
126	205	1
1	208	1
82	208	1
7	208	1
57	208	1
28	208	1
143	208	1
48	209	1
3	209	1
55	209	1
87	209	1
24	209	1
124	209	4
126	210	1
62	210	1
144	211	2
88	211	1
81	213	1
33	213	1
3	213	1
60	213	1
37	214	1
29	214	1
80	215	2
96	215	1
84	215	1
6	215	1
137	215	1
58	215	1
107	215	1
75	215	1
13	215	1
18	216	1
83	216	1
119	216	1
19	217	1
140	217	1
13	217	1
142	217	1
98	218	1
84	218	1
6	218	1
58	218	1
75	218	1
84	219	1
6	219	1
131	220	1
69	220	1
55	220	3
40	220	1
84	221	1
117	221	1
6	221	1
55	221	1
84	222	1
117	222	1
6	222	1
55	222	1
48	223	1
129	223	1
34	223	1
19	223	1
95	223	1
32	224	1
55	224	3
139	224	1
64	225	2
80	225	1
67	225	1
88	225	1
137	225	1
95	225	1
114	226	1
19	226	1
55	226	1
137	226	1
26	226	1
140	226	1
30	226	1
131	227	1
116	227	1
100	227	1
70	227	1
55	227	1
89	227	1
60	227	1
13	227	1
130	229	1
55	229	1
97	230	1
114	230	1
116	230	1
38	230	1
43	230	1
30	230	1
103	231	1
88	231	1
103	232	1
88	232	1
128	233	1
55	233	1
44	233	1
111	233	1
36	234	1
41	234	1
14	234	1
55	235	1
88	235	1
41	235	1
124	235	1
143	235	1
70	236	2
39	236	1
25	236	1
28	236	1
60	236	1
4	237	1
140	237	1
46	237	1
78	237	1
67	238	1
19	238	1
88	238	1
14	238	1
142	238	1
121	239	1
144	240	1
48	240	1
40	240	1
140	240	1
126	240	1
131	241	1
100	241	1
136	241	1
27	241	1
72	242	1
61	242	1
110	242	1
47	242	1
55	243	3
88	243	2
3	244	1
55	244	1
88	244	1
56	244	1
123	244	1
5	245	1
55	245	1
70	246	1
55	246	1
88	246	1
137	246	1
45	246	1
62	246	1
83	247	1
100	247	3
116	247	1
55	247	2
8	247	1
42	247	1
91	247	1
60	247	1
124	247	2
17	248	1
65	248	1
2	248	1
51	248	1
53	248	1
55	248	1
40	248	1
120	248	1
55	249	1
124	249	3
84	250	1
6	250	1
118	250	1
135	250	1
91	250	1
135	251	1
32	252	1
3	252	1
102	252	1
134	252	1
39	252	1
56	252	1
89	252	1
105	252	1
14	252	1
96	253	1
81	253	1
84	253	1
103	253	1
139	253	1
31	253	1
96	254	1
85	254	1
7	254	1
58	254	1
124	254	1
48	255	1
80	255	1
115	255	1
55	255	1
105	255	1
124	255	1
141	255	1
79	255	1
43	256	1
95	256	1
99	257	1
3	257	1
55	257	1
90	257	1
124	257	1
142	257	1
132	258	1
21	258	1
124	258	1
142	258	1
83	259	1
100	259	1
88	259	1
79	259	1
129	260	1
100	260	1
126	260	1
63	260	1
29	261	1
65	262	1
117	262	2
55	262	2
136	262	1
45	262	1
46	262	1
86	263	1
22	263	1
137	263	2
59	263	1
11	263	1
123	263	1
34	264	1
55	264	2
104	264	3
28	264	1
62	264	1
142	264	1
80	265	1
4	265	1
55	265	1
23	265	1
88	265	1
89	265	1
137	265	1
124	265	1
80	266	1
4	266	1
23	266	1
88	266	1
89	266	1
137	266	1
124	266	1
133	267	1
28	267	1
124	267	1
144	268	1
115	268	1
121	268	1
96	269	1
70	269	1
135	269	1
137	269	1
13	269	1
94	269	1
31	269	1
96	270	1
70	270	1
135	270	1
137	270	1
13	270	1
94	270	1
31	270	1
81	272	1
137	272	1
143	272	2
96	273	2
64	273	1
67	273	1
106	273	1
131	274	1
101	275	1
87	275	1
122	275	1
28	275	1
128	276	1
32	276	1
1	276	1
21	276	1
90	276	1
142	276	1
111	276	1
128	277	1
32	277	1
1	277	1
21	277	1
90	277	1
142	277	1
111	277	1
100	278	1
133	278	1
104	278	1
88	278	1
140	278	1
28	278	2
60	278	1
46	278	1
62	278	1
82	279	1
52	279	1
122	279	1
143	279	2
19	280	1
142	280	1
32	281	1
102	282	1
119	282	1
56	282	1
122	282	1
66	283	1
34	283	1
50	283	1
3	283	1
138	283	1
96	284	1
84	284	1
68	285	1
136	285	1
143	285	1
81	286	1
84	286	1
6	286	1
105	286	1
59	286	2
94	286	2
81	287	1
100	287	1
55	287	1
143	287	1
96	288	1
133	288	1
21	288	1
5	288	1
137	288	1
28	288	1
124	288	1
142	288	1
30	288	1
127	288	1
21	289	1
60	289	2
124	289	2
52	290	1
5	290	1
133	290	1
70	290	1
55	290	1
136	290	1
43	290	1
140	290	1
52	291	1
5	291	1
133	291	1
70	291	1
43	291	1
140	291	1
96	292	1
82	292	1
5	292	1
46	292	1
78	292	1
18	293	1
115	293	1
140	293	1
98	294	1
99	294	1
100	294	1
90	294	1
76	294	1
126	294	1
16	295	1
87	295	1
88	295	1
121	295	1
63	295	1
106	296	1
28	296	2
23	297	1
136	297	1
125	297	1
72	298	1
121	298	1
29	298	1
45	298	1
62	299	1
67	300	1
99	300	1
55	300	2
87	300	1
88	300	1
121	300	1
137	300	2
65	301	1
52	301	1
104	301	1
83	302	1
133	302	1
55	302	1
88	302	1
42	302	1
92	302	1
3	303	1
23	303	1
13	303	1
63	303	1
67	304	1
133	304	1
140	304	1
96	305	1
80	305	1
49	305	1
19	305	1
117	306	1
63	306	1
83	307	2
3	307	1
102	307	2
55	307	2
90	307	1
27	307	1
62	307	2
129	308	1
113	308	1
24	308	1
43	308	1
114	309	1
38	309	1
7	309	1
41	309	1
123	309	1
142	309	1
128	310	1
44	310	1
125	310	1
111	310	1
32	311	1
81	311	1
131	311	1
127	311	1
38	312	1
29	312	1
96	313	1
82	313	1
85	313	1
139	313	2
124	313	1
21	314	1
96	315	1
48	315	1
35	315	1
116	315	1
20	315	1
21	315	2
29	315	1
55	316	2
13	316	3
63	316	1
92	317	1
128	318	1
8	318	1
142	318	1
111	318	1
55	319	1
43	319	1
123	319	1
81	320	1
3	320	1
88	320	1
102	321	1
55	321	1
88	321	1
26	321	1
30	321	1
35	322	1
21	322	1
92	322	1
78	322	1
128	323	1
142	323	1
111	323	1
83	324	1
120	324	1
17	325	2
1	325	1
65	325	1
53	325	1
120	325	1
136	326	1
10	326	2
109	326	1
112	327	1
83	327	1
132	327	1
4	327	2
21	327	2
55	327	2
91	327	1
30	327	1
20	328	1
55	328	2
121	328	1
112	329	1
35	329	1
132	329	1
29	329	1
46	329	1
4	330	1
137	330	4
140	330	1
142	330	2
18	331	1
114	331	1
4	331	1
38	331	1
72	331	1
30	331	1
143	331	1
48	332	1
55	332	1
88	332	1
133	333	1
121	333	1
62	333	1
14	333	1
99	334	1
55	334	1
59	334	1
92	334	1
124	334	1
63	334	1
100	335	1
22	335	2
55	335	2
60	335	1
55	336	1
55	337	1
23	337	1
124	337	1
131	338	1
70	338	1
55	338	1
28	338	1
60	338	1
30	338	1
48	339	1
128	339	1
129	339	1
49	339	1
11	339	1
108	339	1
35	340	1
70	340	1
22	340	1
121	340	1
58	340	1
75	340	1
126	340	1
84	341	1
107	341	2
75	341	1
60	341	1
16	342	2
35	342	1
137	342	1
140	342	1
76	342	1
7	343	1
131	344	1
81	345	2
4	345	2
84	345	1
6	345	1
11	345	1
95	345	1
52	346	1
55	346	1
105	346	1
90	346	1
79	346	1
38	347	1
72	347	1
3	348	1
88	349	1
112	350	1
137	350	3
142	350	1
127	351	1
96	352	1
128	353	1
43	353	1
111	353	1
19	354	1
69	354	1
55	354	1
121	354	1
137	354	1
12	354	1
133	355	1
137	355	1
62	355	1
37	356	2
102	356	1
119	356	1
88	356	2
104	356	2
137	356	1
123	356	1
28	356	1
96	357	1
17	357	1
133	357	1
102	357	1
19	358	1
115	358	1
69	358	1
55	358	2
88	358	1
11	358	1
60	358	1
94	358	1
114	359	1
35	359	1
3	359	1
5	359	1
140	359	1
46	359	1
30	359	1
142	359	1
67	360	1
53	360	1
70	360	1
137	360	1
106	360	1
64	361	1
33	361	1
3	361	1
70	361	1
57	361	1
142	361	1
124	362	2
63	362	1
55	363	1
17	364	1
82	364	1
66	364	1
51	364	1
53	364	1
71	364	1
91	364	1
63	364	1
19	365	1
83	365	1
55	365	1
91	365	1
142	365	1
78	365	1
119	366	1
68	367	1
85	368	1
24	368	1
89	368	4
137	368	4
122	368	1
76	368	1
85	369	1
86	369	1
24	369	1
89	369	4
137	369	4
122	369	1
60	369	2
76	369	1
62	369	1
113	370	1
36	370	1
68	370	1
74	370	1
75	370	1
108	370	1
67	371	1
116	371	1
133	371	2
55	371	1
88	371	1
28	371	2
98	372	1
69	372	1
55	372	1
89	372	1
28	372	2
81	373	1
3	373	1
55	373	1
137	373	1
106	373	1
42	373	1
4	374	1
53	374	1
137	374	1
138	374	1
140	374	1
30	374	1
17	375	1
2	375	1
115	375	1
4	375	1
9	375	1
130	376	1
4	376	1
43	376	1
129	377	1
50	377	1
116	377	1
56	377	1
12	377	1
45	377	1
19	378	1
4	378	1
88	378	1
125	378	1
96	379	1
34	379	1
55	379	2
7	379	1
105	379	1
63	379	1
79	379	1
3	380	1
21	380	1
42	380	1
12	380	1
29	380	1
93	380	1
47	380	1
55	381	1
28	381	2
83	382	1
55	382	1
88	382	1
89	382	2
60	382	1
63	382	1
96	383	1
1	383	1
82	383	1
2	383	1
37	383	1
55	383	1
91	383	1
12	383	1
47	383	1
1	384	1
115	384	1
63	384	1
114	385	2
88	385	1
13	385	1
63	385	1
69	386	1
137	386	2
136	387	2
1	388	1
83	388	1
7	388	1
44	388	1
110	388	1
64	389	1
18	389	2
52	389	1
20	389	1
102	389	1
38	389	1
70	389	1
73	389	1
123	389	1
30	389	1
55	390	1
104	390	1
1	391	1
18	391	1
4	391	1
38	391	1
88	391	1
73	391	1
55	392	1
60	392	1
100	393	1
102	393	1
137	393	1
30	393	1
96	394	1
33	394	1
131	394	1
4	394	1
118	394	1
55	394	1
88	394	1
9	394	2
74	394	1
29	394	1
93	394	2
109	394	1
100	395	1
101	395	1
55	395	1
127	395	1
17	396	1
97	396	1
19	396	1
52	396	1
38	396	1
55	396	1
104	396	1
121	396	1
10	396	1
141	396	1
81	397	1
70	397	1
135	397	1
55	397	1
136	397	1
137	397	1
42	397	1
75	397	1
63	397	1
80	398	1
64	398	1
129	398	1
55	398	1
58	398	1
75	398	1
139	398	1
60	398	1
49	399	1
34	399	1
86	399	1
102	399	1
81	400	1
113	400	1
2	400	1
4	400	1
25	400	1
110	400	1
83	401	1
55	401	1
96	402	3
84	402	1
56	402	1
15	402	1
31	402	3
81	403	3
33	403	1
129	403	1
57	403	1
130	404	1
101	404	1
70	404	1
55	404	1
28	404	1
98	405	1
47	405	1
136	406	1
18	407	1
21	407	1
55	407	1
43	407	1
64	408	1
70	408	1
55	408	1
8	408	1
60	408	1
109	408	1
48	409	1
80	409	1
14	409	1
30	409	1
117	410	1
137	410	1
1	411	1
22	411	2
55	411	2
62	411	1
133	412	1
102	412	1
55	412	1
88	412	1
121	412	1
114	413	1
115	413	1
54	413	1
38	413	1
65	414	1
120	414	1
137	415	1
70	416	1
130	417	1
70	417	1
133	418	2
88	418	1
42	418	1
28	418	1
43	419	1
140	419	1
90	420	1
124	420	1
142	420	1
112	421	1
144	421	1
67	421	1
123	421	1
60	421	1
127	421	1
18	422	1
52	423	1
54	423	1
121	423	1
142	423	1
96	424	2
144	424	1
83	424	2
67	424	1
131	424	1
85	424	1
56	424	1
143	424	1
129	425	2
96	426	1
54	426	1
124	426	1
142	426	1
111	426	1
81	427	1
100	427	1
101	427	1
80	428	1
81	428	1
98	428	1
100	428	1
4	428	1
55	428	1
56	428	1
90	428	1
96	429	1
128	429	1
102	429	1
86	429	1
136	429	1
58	429	2
75	429	1
61	429	1
111	429	1
55	430	1
104	430	1
106	430	1
144	431	1
129	431	1
7	431	1
55	431	1
105	431	1
74	431	1
79	431	1
83	432	1
38	432	1
73	432	2
30	432	1
131	433	1
55	433	1
88	433	1
125	433	1
55	434	2
81	435	1
115	435	1
38	435	1
55	435	2
30	435	1
113	436	1
55	436	1
129	437	1
55	437	3
95	437	1
55	438	2
37	439	1
120	439	1
43	439	1
84	440	1
75	440	1
123	440	1
60	440	1
134	442	1
55	442	1
121	442	1
46	442	1
88	443	1
137	443	1
139	443	1
95	443	1
36	444	1
5	444	1
39	444	1
121	444	1
57	444	1
30	444	1
66	445	1
115	445	1
19	445	1
5	445	1
133	445	1
117	445	1
137	445	1
42	445	1
58	445	1
75	445	1
82	446	1
72	446	1
77	446	1
127	446	1
113	447	1
36	447	1
38	447	2
89	447	2
121	447	1
92	447	1
103	448	1
136	448	1
56	448	1
121	448	1
58	448	1
75	448	2
107	448	1
28	448	1
60	448	1
30	448	1
67	449	1
131	449	1
55	449	1
42	449	1
140	449	1
61	449	1
77	449	1
80	450	1
70	450	1
55	450	3
27	450	1
48	451	1
41	451	1
73	451	1
88	452	1
91	452	1
140	452	1
141	452	1
29	452	1
96	453	2
84	453	1
52	453	1
133	453	1
22	453	1
24	453	1
60	453	3
28	453	2
31	453	1
96	454	2
84	454	1
52	454	1
133	454	1
22	454	1
24	454	1
60	454	1
31	454	1
55	455	1
137	455	1
26	455	1
60	455	1
127	455	1
63	455	1
113	456	1
53	456	1
29	456	1
62	456	1
112	457	1
100	457	1
55	457	1
121	457	1
42	457	1
124	457	1
62	457	1
19	458	1
135	458	1
8	458	1
109	458	1
13	458	1
144	459	1
96	459	1
131	459	2
3	459	1
84	459	1
6	459	1
56	459	1
140	459	1
128	460	2
96	460	1
99	460	1
84	460	1
108	460	1
78	460	1
31	460	1
111	460	1
43	461	1
82	462	1
30	462	1
143	462	1
130	463	1
73	463	1
29	463	1
110	463	2
30	463	1
80	464	1
114	464	1
69	464	2
70	464	1
38	464	1
39	464	1
59	464	2
61	464	1
103	465	1
55	465	1
72	466	1
73	466	1
7	467	1
10	467	1
51	468	1
55	468	1
108	468	1
110	468	1
83	469	1
115	469	1
8	469	1
137	469	1
90	469	1
12	470	1
115	471	1
133	471	1
55	471	3
27	471	1
96	472	1
115	472	1
40	472	1
91	472	1
28	472	1
30	472	1
52	473	1
87	473	1
55	473	1
121	473	1
11	473	2
107	473	1
75	473	1
52	474	1
87	474	1
55	474	1
121	474	1
11	474	2
107	474	1
75	474	1
99	475	1
37	475	1
71	475	1
55	475	1
88	475	1
43	475	1
63	475	1
113	476	1
18	476	1
36	476	2
68	476	1
22	477	1
7	477	1
121	477	1
106	477	1
107	478	1
12	478	1
78	478	1
47	478	1
81	479	1
2	479	1
84	479	1
69	479	1
12	479	1
47	479	1
101	480	3
55	480	1
143	480	1
131	481	1
55	481	1
88	481	1
137	481	2
28	481	1
121	482	1
78	482	1
115	483	1
88	483	1
28	483	1
127	483	1
69	484	2
102	484	1
25	484	2
121	484	1
60	484	1
22	485	1
55	485	3
121	485	1
129	486	2
129	487	2
129	488	2
28	489	1
64	490	1
129	490	1
131	490	1
3	490	1
133	490	3
23	490	1
55	490	1
40	490	1
61	490	2
30	490	1
127	490	1
116	491	1
60	491	1
116	492	1
96	493	1
7	493	1
9	493	1
137	493	1
142	493	1
78	493	1
81	494	1
34	494	1
18	494	1
3	494	1
99	494	1
86	495	1
60	496	1
1	497	2
54	497	1
110	497	1
50	498	2
36	498	1
100	498	2
122	498	1
90	498	1
59	498	1
99	499	1
100	499	1
103	499	1
55	499	2
88	499	1
88	500	2
14	500	2
142	500	1
2	501	3
100	501	1
5	501	1
133	501	1
134	501	1
13	501	1
45	501	1
144	501	1
55	501	1
59	501	1
124	501	1
61	501	1
63	501	1
131	502	1
70	502	1
86	502	1
56	502	1
144	503	1
13	503	1
131	504	2
102	504	1
70	504	2
120	504	1
91	504	1
29	504	1
30	504	1
34	505	1
83	505	1
100	505	2
102	505	1
104	505	1
34	506	1
38	506	1
73	506	1
142	506	1
30	506	1
131	507	1
55	507	3
71	507	1
112	508	2
129	508	1
100	508	1
132	508	1
136	508	1
65	509	1
137	509	1
107	509	1
75	509	1
27	509	1
60	509	1
55	510	2
94	510	1
81	511	1
129	511	1
18	511	1
19	511	1
100	511	1
48	512	1
17	512	1
2	512	1
38	512	1
73	512	1
57	512	1
91	512	1
140	512	1
29	512	2
18	513	1
130	513	1
69	514	1
118	514	1
107	514	1
83	515	1
3	515	1
100	515	1
133	515	1
22	515	1
106	515	1
59	515	1
60	515	1
13	515	1
68	516	1
125	516	1
142	516	1
4	517	1
38	517	1
55	517	1
88	517	1
73	517	1
43	517	1
125	517	1
110	517	1
96	518	1
97	518	1
37	518	1
133	519	2
27	519	2
95	519	1
64	520	2
82	520	1
83	520	1
85	520	1
23	520	1
34	521	1
84	521	1
118	521	1
91	521	1
28	522	1
60	522	1
140	522	1
66	523	1
55	523	1
61	523	1
62	523	1
124	524	1
61	524	1
33	525	1
75	525	1
16	526	1
55	526	2
30	526	1
2	527	1
37	527	1
118	527	1
43	527	1
91	527	1
55	528	1
43	528	1
109	528	1
81	529	1
33	529	1
57	529	1
30	529	1
131	530	1
85	530	1
55	530	1
48	531	1
70	531	1
55	531	1
29	531	1
82	532	1
137	532	1
58	532	1
75	532	1
68	533	1
104	533	1
12	533	1
88	534	2
110	535	1
98	536	1
133	536	1
55	536	3
136	536	1
74	536	1
48	537	1
17	537	1
50	537	1
20	537	1
55	537	1
117	538	1
135	538	2
8	538	1
137	538	1
121	538	1
42	538	1
48	539	1
129	539	2
9	539	1
75	539	1
93	539	1
81	540	2
133	540	1
55	540	1
104	541	1
42	541	2
129	542	1
101	542	1
55	542	1
71	542	1
138	542	1
94	542	1
142	542	1
143	542	1
130	543	1
131	543	1
38	543	1
55	544	1
38	545	1
60	545	1
129	546	1
137	546	1
115	547	1
52	547	1
24	547	1
124	547	1
12	547	1
45	547	1
62	547	1
128	548	2
105	548	1
93	548	1
111	548	2
79	548	1
129	549	1
100	549	1
4	549	1
88	549	1
121	549	1
13	549	1
63	549	1
69	550	1
21	550	1
38	550	2
142	550	1
118	551	3
70	551	1
55	551	1
124	551	1
30	551	1
38	552	1
136	552	1
29	552	1
38	553	1
136	553	1
29	553	1
112	554	1
2	554	1
132	554	1
75	554	1
43	554	1
129	555	1
23	555	1
137	555	1
138	555	1
140	555	1
129	556	1
37	557	1
22	557	1
16	558	1
97	558	1
69	558	1
24	558	1
120	558	1
45	558	1
128	559	1
137	559	1
111	559	1
99	560	1
89	560	1
12	560	1
14	560	1
63	560	1
99	561	1
89	561	1
12	561	1
14	561	1
63	561	1
19	562	1
68	562	1
71	562	1
141	562	1
46	562	1
63	562	1
115	563	2
55	563	2
121	563	1
139	563	1
143	563	1
96	564	1
54	564	1
119	564	1
97	565	1
4	565	1
38	565	1
88	565	1
73	565	2
94	565	1
137	566	1
41	566	1
45	566	1
96	567	2
98	567	1
83	567	1
44	567	2
108	567	1
31	567	2
83	568	1
55	568	1
122	568	1
28	568	1
60	568	1
84	569	1
6	569	1
138	569	1
140	569	1
115	570	2
101	570	2
55	570	2
23	570	2
26	570	1
18	571	1
70	571	1
73	572	1
125	572	1
53	573	1
53	574	1
96	575	1
55	575	2
121	575	1
74	575	1
23	576	1
55	576	1
61	576	1
83	577	1
125	578	1
1	579	1
113	580	1
5	580	1
13	580	1
88	581	1
2	582	1
55	582	1
88	582	1
24	582	1
72	583	2
76	583	1
120	584	1
72	584	1
73	584	1
76	584	1
49	585	1
55	585	1
92	585	1
143	585	1
4	586	1
36	586	1
137	586	1
55	587	2
55	588	1
121	588	1
28	588	2
60	588	2
92	588	1
96	589	2
49	589	2
71	589	2
55	590	1
144	591	1
22	591	1
118	591	1
10	591	2
91	591	1
128	593	1
98	593	1
115	593	1
55	593	1
137	593	1
111	593	1
128	594	1
48	594	1
81	594	1
115	594	1
85	594	1
41	594	1
13	594	1
142	594	1
111	594	1
80	595	2
55	595	2
95	595	1
98	596	1
52	596	1
55	596	1
13	596	1
87	597	1
88	597	1
96	598	1
129	598	1
19	598	1
4	598	1
102	598	1
88	598	1
88	599	1
137	599	3
14	599	1
98	600	1
67	600	1
131	600	1
133	600	1
62	600	1
20	601	2
7	601	1
73	601	1
57	601	1
30	601	1
17	602	1
4	602	1
29	602	1
83	603	1
4	603	1
133	603	1
71	603	1
55	603	2
88	603	1
90	603	1
59	603	1
28	603	1
15	603	1
96	605	1
112	605	1
114	605	2
67	605	1
132	605	1
103	605	1
88	605	1
121	605	2
3	606	1
4	606	1
39	606	1
136	606	1
88	606	1
48	607	1
38	607	1
137	607	1
48	608	1
35	608	1
20	608	1
4	608	2
70	608	1
136	609	1
131	610	1
70	610	1
30	610	1
143	610	1
53	611	1
55	611	1
110	611	1
30	611	1
63	611	1
84	612	1
6	612	1
121	612	1
58	612	1
75	612	1
91	612	1
124	612	1
30	612	1
15	612	1
5	613	1
8	613	1
77	613	1
131	614	1
100	614	1
102	614	1
55	614	1
29	614	1
18	616	1
99	616	1
88	616	1
43	616	1
142	616	1
62	616	1
65	617	1
84	617	1
132	617	1
118	617	1
107	617	1
63	617	1
82	618	1
100	618	1
101	618	1
55	618	3
74	618	1
27	618	1
60	618	1
79	618	1
4	619	1
45	619	1
67	620	1
88	620	1
73	620	1
30	620	1
81	621	1
2	621	1
69	621	1
12	621	1
93	621	1
47	621	2
65	622	1
131	622	1
22	622	1
94	622	1
81	623	1
66	623	1
131	623	1
127	623	1
2	624	1
130	625	1
55	625	1
72	625	1
100	626	1
102	626	1
55	626	1
104	626	2
72	626	1
28	626	1
76	626	1
137	627	2
129	628	1
34	628	1
125	628	1
96	629	1
128	629	1
49	629	1
65	629	1
133	629	1
119	629	1
106	629	1
111	629	1
96	630	1
136	630	1
9	630	2
45	630	1
61	630	1
39	631	1
137	631	2
42	631	1
81	632	1
136	632	1
104	632	1
47	632	1
55	633	1
124	633	1
115	634	1
55	635	1
43	635	1
17	636	1
130	636	1
55	636	1
91	636	1
101	637	1
137	637	1
58	637	1
75	637	1
3	638	1
39	638	2
88	638	1
106	638	1
125	638	1
65	639	1
130	639	1
115	639	1
131	639	1
100	639	1
102	639	1
55	639	7
137	639	1
42	639	2
124	639	1
28	639	1
126	639	1
80	640	2
81	640	3
33	640	1
139	640	1
133	641	1
85	641	2
90	641	1
44	641	1
16	642	1
33	642	1
84	642	2
6	642	1
55	642	1
24	642	1
8	642	1
137	642	1
9	642	1
58	642	1
75	642	1
108	642	1
113	643	1
82	644	1
83	644	1
137	644	1
108	644	1
96	645	1
85	645	1
22	645	1
55	645	1
7	645	1
42	645	1
93	645	1
63	645	1
96	646	1
69	646	1
93	646	1
81	647	4
4	647	1
55	647	1
88	647	1
124	647	1
13	647	1
94	647	1
64	648	1
3	648	1
28	648	1
114	649	1
52	649	1
38	649	1
55	649	1
24	649	1
141	649	1
103	650	1
8	650	1
81	651	1
7	651	2
37	652	1
23	652	1
42	652	1
46	652	1
127	652	1
20	653	1
38	653	1
70	653	1
10	653	1
129	654	2
100	654	1
119	654	1
92	654	1
34	655	1
72	655	1
91	655	1
92	655	1
124	655	1
30	655	1
115	656	1
21	656	1
3	657	1
88	657	2
62	657	1
7	658	1
88	658	1
25	658	1
110	658	1
50	659	1
99	659	1
91	659	1
76	659	1
28	659	1
100	660	1
84	660	1
69	660	1
135	660	1
88	660	1
107	660	1
7	661	1
144	662	1
134	662	1
30	662	2
142	662	1
100	663	1
55	663	1
41	663	1
96	664	1
86	664	1
43	664	1
31	664	1
83	665	1
55	665	1
76	665	1
127	665	1
131	666	1
3	666	1
100	666	1
123	666	1
96	667	1
128	667	1
100	667	2
6	667	1
103	667	2
28	667	1
111	667	1
64	668	3
48	668	1
133	668	1
118	668	1
119	668	1
10	668	2
12	668	1
62	668	1
47	668	1
113	669	2
19	669	1
55	669	1
107	669	1
75	669	1
43	669	1
46	669	1
32	670	1
50	670	1
84	670	1
134	670	2
6	670	1
58	670	1
75	670	1
109	670	1
130	671	1
36	671	2
52	671	1
69	671	1
55	671	1
122	671	1
62	671	1
142	671	1
98	672	1
101	672	1
102	672	1
7	672	1
55	672	1
122	672	2
42	672	1
60	672	1
127	672	1
70	673	1
23	673	1
19	674	1
5	674	1
55	674	1
91	674	1
140	674	2
126	674	1
97	675	1
83	675	1
36	675	1
70	675	1
83	676	1
55	676	1
88	676	1
137	676	1
55	677	1
17	678	1
3	678	1
55	678	1
43	678	1
124	678	1
140	678	1
29	678	1
141	678	1
110	678	1
30	678	1
127	678	1
51	679	1
55	679	1
88	679	1
125	679	1
3	680	1
48	681	1
113	681	1
54	681	1
7	681	1
43	681	1
17	682	1
2	682	1
29	682	1
86	683	1
88	683	3
63	683	1
117	684	2
55	684	1
123	684	1
14	684	1
62	684	1
81	685	1
70	686	1
55	686	1
124	686	1
61	686	1
144	687	1
81	687	1
133	687	1
39	687	1
7	687	1
40	687	1
88	687	1
28	687	2
143	687	1
55	688	1
57	688	1
139	688	1
43	688	1
109	688	1
72	689	1
55	690	2
88	690	1
26	690	1
60	690	1
129	691	2
83	691	1
119	691	1
88	691	1
123	691	1
28	691	1
60	691	1
142	691	1
62	691	1
64	692	1
99	692	1
100	692	1
88	692	2
137	692	1
110	692	1
67	693	1
110	693	1
80	694	1
65	694	1
82	694	1
70	694	1
136	694	1
120	694	1
91	694	1
114	695	1
38	695	1
133	696	1
54	696	1
104	696	1
127	696	1
129	697	2
101	697	1
22	697	1
96	698	1
40	698	1
88	698	1
110	698	1
14	698	1
106	699	1
76	699	2
82	700	1
20	700	1
38	700	1
73	700	1
29	700	1
130	701	1
93	701	1
95	701	2
66	704	1
38	704	1
41	704	1
45	704	1
141	704	1
142	704	1
127	704	1
96	705	1
17	705	1
70	705	1
55	705	2
10	705	1
91	705	1
30	705	1
51	706	1
100	706	1
133	706	2
117	706	1
70	706	2
123	706	1
28	706	1
96	707	1
2	707	1
69	707	1
55	707	2
15	707	1
66	708	1
100	708	2
101	708	1
55	708	1
88	708	1
137	708	1
83	709	1
133	709	1
55	709	1
8	709	1
88	709	1
128	710	1
48	710	1
97	710	1
19	710	1
102	710	1
111	710	1
38	711	1
73	711	1
30	711	1
16	712	1
65	712	1
4	712	1
53	712	1
55	712	1
120	712	1
57	712	1
115	713	1
55	713	1
72	713	1
131	714	1
103	714	1
88	715	1
106	715	1
27	715	1
140	715	1
28	715	1
99	716	1
35	716	1
60	716	1
88	717	1
138	717	1
143	717	1
131	718	2
83	718	1
102	718	1
108	718	1
124	718	1
60	718	1
19	719	2
88	719	1
137	719	1
60	719	1
96	720	1
55	720	1
80	721	2
101	721	1
103	721	1
17	722	1
90	722	1
28	722	1
124	722	1
29	722	1
131	723	1
83	723	1
88	723	1
121	723	1
34	724	1
30	724	2
71	725	1
124	725	1
71	726	1
127	726	1
131	727	1
101	727	1
133	727	1
70	727	1
55	727	2
104	727	1
42	727	1
28	727	1
97	728	1
130	728	1
52	728	1
55	728	2
124	728	1
83	729	1
79	729	1
129	730	1
67	730	1
117	730	1
9	730	1
58	730	1
75	730	1
133	731	1
70	731	1
88	731	1
28	731	2
92	731	2
126	731	1
67	732	1
115	732	1
100	732	1
55	732	2
137	732	1
10	732	1
55	733	1
100	734	1
80	735	1
55	735	1
88	735	1
121	735	1
127	735	1
96	736	1
83	736	1
85	736	1
55	736	1
103	736	1
50	737	1
55	737	1
88	737	1
41	737	1
142	737	1
30	737	1
129	738	2
100	738	1
133	738	2
87	738	1
104	738	1
137	738	1
66	739	1
115	739	1
22	739	1
55	739	1
26	739	2
53	740	1
57	740	1
30	740	1
131	741	1
99	741	1
3	741	1
5	741	1
70	741	1
102	741	1
137	741	1
58	741	1
59	741	1
131	742	2
100	742	1
7	742	1
42	742	2
28	742	2
91	743	1
124	743	1
3	744	1
133	744	2
55	744	2
142	744	1
22	745	1
55	745	1
27	745	1
13	745	1
77	745	1
19	746	1
87	746	1
80	747	1
55	747	2
60	747	1
129	748	1
51	748	1
83	748	1
102	748	1
55	748	1
92	748	1
42	749	1
12	749	1
47	749	1
17	750	1
23	750	1
16	751	1
65	751	1
83	751	1
70	751	1
120	751	1
78	751	1
129	752	1
119	752	1
55	752	1
126	752	1
82	753	1
100	753	2
102	753	1
55	753	1
60	753	1
28	753	1
124	753	1
100	754	1
57	754	2
106	754	1
28	754	1
77	754	1
143	754	1
144	755	1
2	755	1
83	755	1
43	755	1
127	755	1
21	756	1
114	757	1
4	757	1
38	757	1
88	757	1
30	757	1
83	758	1
133	759	1
123	759	1
29	760	1
30	760	1
17	761	1
65	761	1
55	761	1
120	761	1
57	761	1
42	761	2
30	761	1
80	762	1
64	762	1
113	762	1
96	763	1
128	763	1
83	763	1
86	763	2
55	763	1
121	763	1
62	763	1
111	763	1
2	764	1
129	765	1
51	765	1
39	765	1
121	765	1
106	765	1
77	765	1
8	766	1
129	767	1
8	767	1
133	768	1
105	768	1
64	769	1
55	769	4
121	770	1
77	770	1
83	771	1
55	771	1
121	771	1
48	772	1
82	772	1
137	772	2
129	773	1
18	773	1
36	773	1
70	773	1
104	773	1
136	773	1
42	773	1
65	774	1
124	774	1
112	775	1
49	775	1
67	775	1
132	775	1
69	775	1
88	775	1
90	775	1
83	776	1
84	776	1
56	776	1
107	776	2
75	776	1
11	776	1
124	776	1
55	777	3
106	777	1
28	777	1
80	778	1
3	778	1
78	778	1
96	779	1
128	779	1
81	779	1
129	779	1
1	779	1
82	779	1
23	779	1
55	779	1
124	779	1
111	779	1
16	780	1
38	780	1
55	780	1
45	780	1
142	780	1
104	781	1
42	781	1
60	781	1
47	781	1
128	782	1
116	782	1
21	782	2
111	782	1
64	783	2
112	783	1
81	783	1
114	783	1
132	783	1
36	783	1
21	783	1
38	783	1
57	783	1
139	783	1
50	784	1
66	784	1
100	784	1
133	784	2
119	784	1
137	784	1
14	784	2
131	785	1
3	785	1
5	785	1
30	785	1
15	785	1
48	786	1
65	786	1
131	786	1
67	786	1
69	786	1
23	786	1
120	786	1
99	787	1
133	787	1
53	787	2
104	787	1
40	787	1
122	787	1
106	787	1
28	787	1
61	787	1
77	787	1
143	787	1
113	788	1
81	788	1
67	789	1
4	789	1
100	789	1
103	789	1
119	789	1
144	790	1
4	790	1
55	790	2
45	790	1
55	791	2
41	791	1
12	791	1
142	791	1
47	791	1
142	792	1
30	792	1
55	793	1
28	793	1
12	793	1
45	793	1
129	794	1
55	794	2
8	794	2
18	795	1
88	795	1
73	795	1
29	795	1
142	795	1
65	796	1
120	796	1
10	796	1
73	797	1
29	797	1
32	798	1
80	798	1
129	798	1
99	798	1
51	798	1
124	798	1
94	798	1
78	798	1
133	799	1
104	799	1
26	799	1
44	799	1
49	800	1
4	800	1
87	800	1
55	800	1
80	801	1
131	801	1
140	801	1
49	802	1
118	802	1
88	802	1
58	802	1
75	802	1
141	802	1
4	803	2
55	803	1
25	803	1
28	803	1
55	804	1
104	804	1
62	804	2
16	805	1
32	805	1
55	805	3
7	805	1
19	806	1
134	806	1
106	806	1
43	806	1
142	806	1
115	807	1
119	807	1
55	807	2
18	808	1
38	808	1
55	808	1
41	808	1
96	809	1
128	809	1
34	809	1
88	809	1
43	809	1
111	809	1
18	810	1
52	810	1
54	810	1
7	810	1
55	810	3
4	811	1
137	811	1
62	811	2
79	811	3
4	812	1
137	812	1
62	812	2
79	812	3
32	813	1
3	813	1
51	813	1
86	813	1
70	813	1
39	813	1
88	813	1
43	813	2
13	813	1
70	814	1
55	814	2
119	814	1
104	814	1
42	814	1
60	814	1
108	814	1
55	815	1
123	815	1
142	815	1
18	816	1
3	816	1
21	816	1
38	816	1
41	816	1
140	816	2
131	817	1
55	817	1
88	817	1
124	817	1
125	817	1
83	818	1
84	818	1
6	818	1
55	818	1
76	818	1
63	818	1
97	819	1
100	819	1
55	819	1
72	819	1
124	819	1
126	819	1
129	820	1
55	820	1
43	820	1
10	821	1
115	822	1
133	822	1
55	822	1
88	822	1
28	822	2
103	823	1
30	823	1
143	823	1
134	824	1
56	824	1
124	824	1
114	825	1
4	825	1
90	825	1
126	825	1
99	826	1
85	826	1
55	826	2
63	826	2
95	826	1
83	827	1
90	827	1
59	827	1
101	829	1
128	830	1
100	830	1
111	830	1
128	831	1
129	831	1
3	831	2
19	831	1
136	831	1
137	831	1
111	831	1
82	832	1
22	832	1
137	832	1
140	832	1
85	833	1
21	833	1
124	833	1
29	833	1
117	834	1
104	834	1
90	834	1
123	834	1
28	834	1
83	835	1
103	835	1
15	835	1
98	836	1
85	836	1
136	836	1
74	836	1
93	836	1
3	837	1
55	837	1
30	837	1
1	838	1
131	838	1
100	838	1
102	838	1
73	838	1
60	838	1
67	839	1
100	839	1
55	839	1
50	840	1
20	840	1
5	840	1
10	840	1
32	841	1
133	841	1
54	841	1
134	841	1
88	841	1
15	841	1
113	842	1
114	842	1
3	842	1
100	842	1
76	842	1
126	842	1
49	843	1
129	843	1
55	843	1
76	843	1
65	844	1
55	844	1
124	844	1
67	845	1
84	845	1
55	845	1
88	845	1
121	845	1
137	845	1
107	845	1
77	845	1
126	845	1
5	846	1
90	846	1
49	847	1
83	847	1
4	847	1
88	847	1
137	847	1
43	847	1
29	847	2
79	847	1
17	848	2
65	848	1
82	848	1
52	848	1
77	848	1
127	848	1
69	849	1
78	849	1
55	850	1
121	850	1
96	851	1
48	851	2
5	851	1
124	851	1
94	851	1
31	851	1
95	851	1
3	852	1
104	852	1
137	852	1
129	853	1
53	853	1
55	853	2
8	853	1
124	853	1
144	854	1
83	854	1
2	855	1
55	855	1
87	855	1
136	855	1
86	856	1
100	857	2
133	857	1
55	857	1
92	857	1
109	857	1
98	858	1
69	858	1
137	858	1
138	858	1
45	858	1
110	858	1
62	858	1
118	859	1
91	859	1
43	859	1
109	859	1
55	860	2
55	861	1
76	861	1
17	862	1
65	862	1
4	862	1
53	862	1
120	862	1
33	863	1
123	863	1
43	863	1
91	863	1
12	863	1
140	863	1
47	863	1
55	864	2
88	864	1
105	864	1
43	864	2
93	864	1
79	864	1
128	865	1
123	865	1
111	865	1
55	866	1
15	866	1
32	867	1
133	867	1
53	867	1
70	867	1
55	867	2
76	867	1
81	868	1
35	868	1
55	868	1
135	868	1
59	868	1
124	868	1
99	869	1
55	869	2
24	869	1
129	870	1
100	870	2
106	870	1
63	870	1
67	871	1
55	871	1
7	871	1
88	871	1
40	871	1
60	871	1
133	872	1
26	872	2
28	872	1
113	873	1
54	873	1
106	873	1
83	874	1
61	874	1
65	875	1
51	875	1
101	875	1
55	875	4
7	875	1
129	876	1
81	876	1
5	876	1
13	876	1
2	877	1
83	877	2
51	877	1
4	877	1
70	877	1
88	877	1
129	878	1
119	878	2
55	878	1
7	879	1
141	879	1
30	880	1
127	880	1
7	881	1
23	881	1
24	881	1
18	882	1
106	882	1
38	883	2
49	884	1
129	884	1
78	884	1
131	885	1
101	885	1
133	885	1
55	885	1
104	885	1
130	886	1
70	886	1
33	887	2
34	887	1
4	887	1
117	887	1
88	887	1
137	887	1
27	887	1
112	888	1
19	888	1
132	888	1
69	888	1
70	888	1
135	888	2
61	888	1
45	888	1
80	889	1
3	889	1
55	889	2
46	889	1
114	890	1
5	890	1
38	890	2
56	890	1
109	890	1
83	891	1
133	891	1
7	891	1
26	891	1
14	891	1
67	892	1
60	892	1
61	892	1
63	892	1
134	893	1
43	894	1
28	894	1
63	894	1
96	895	1
84	895	1
5	895	1
6	895	1
74	895	1
31	895	1
66	896	1
55	896	1
106	896	1
59	896	1
33	897	1
126	897	1
63	897	1
144	898	2
66	898	1
131	898	1
99	898	1
19	898	1
9	898	1
75	898	1
61	898	1
63	898	1
144	899	1
17	899	1
99	899	1
135	899	1
137	899	2
11	899	1
128	900	1
88	900	1
79	900	1
111	900	1
107	901	1
61	901	1
16	902	1
49	902	1
19	902	2
88	903	1
67	904	1
36	906	2
136	906	1
137	906	1
60	906	1
88	907	1
67	908	1
84	908	1
36	908	1
69	908	1
6	908	1
11	908	1
130	909	1
4	909	1
22	909	1
137	909	1
51	910	1
41	910	1
124	910	1
29	910	1
96	911	1
48	911	1
84	911	1
36	911	1
138	911	2
28	911	1
47	911	1
66	912	2
102	912	2
55	912	1
124	912	1
100	913	1
52	913	1
140	913	2
45	913	1
144	914	1
65	914	1
129	914	1
51	914	1
124	914	1
96	915	1
114	915	1
20	915	1
24	915	1
29	915	1
125	915	1
55	916	2
104	916	1
90	916	1
28	916	1
51	917	1
4	917	1
55	917	1
105	917	1
140	917	1
142	917	1
48	918	1
114	918	2
98	918	1
70	918	1
38	918	1
115	919	1
3	919	1
100	919	1
4	919	1
117	919	2
88	919	1
138	919	1
106	919	1
124	920	1
138	921	1
83	922	1
101	922	1
55	922	2
137	922	1
74	922	1
62	922	1
48	923	1
4	923	1
88	923	1
73	923	1
29	923	1
35	924	1
4	924	1
5	924	1
38	924	1
135	924	2
105	924	1
73	924	1
137	924	1
140	924	1
76	924	1
21	924	1
121	924	1
29	924	1
2	925	1
54	925	1
43	925	1
140	925	1
141	925	1
67	926	1
7	926	1
88	926	2
60	926	1
83	927	1
88	927	1
25	927	1
110	927	2
113	929	1
20	929	1
21	929	1
71	929	1
55	929	1
30	929	1
1	931	1
97	931	1
102	931	1
43	931	1
62	931	1
80	932	1
129	932	1
53	932	1
70	932	1
87	932	1
8	932	1
27	932	1
30	932	1
63	932	1
69	933	1
55	933	1
129	934	1
55	934	1
137	934	1
81	935	1
130	935	1
55	936	1
61	936	1
62	936	1
112	937	2
97	937	1
2	937	1
99	937	1
4	937	1
132	937	1
55	937	1
88	937	1
91	937	1
55	938	3
119	938	1
18	939	1
55	939	1
64	940	1
70	940	1
55	940	2
88	940	1
124	940	1
43	941	1
46	941	1
55	942	1
106	942	1
81	943	1
2	943	1
137	943	1
77	943	1
80	944	1
33	944	1
88	944	1
57	944	2
28	944	1
140	944	1
29	944	1
85	945	1
55	945	1
96	947	1
65	947	2
4	947	1
134	947	1
88	947	1
136	947	1
60	947	1
109	947	1
13	947	1
80	948	1
3	948	1
84	948	1
6	948	1
105	948	1
42	948	1
79	948	1
1	949	1
55	949	1
125	949	1
133	950	1
55	950	1
7	950	1
104	950	1
62	950	1
110	950	1
78	950	1
128	951	1
3	951	1
116	951	1
102	951	1
55	951	1
90	951	1
142	951	1
111	951	1
144	952	1
136	952	1
137	952	1
97	953	1
4	953	1
37	953	1
21	953	1
38	953	1
88	953	1
105	953	1
43	953	1
100	954	1
55	954	1
8	954	1
83	955	1
100	955	1
106	955	1
42	955	1
29	955	1
100	956	1
62	956	1
64	957	1
70	957	1
25	957	1
121	957	1
124	957	1
130	958	1
99	958	1
115	958	1
55	958	2
110	958	1
38	959	1
40	959	2
59	959	1
129	960	2
19	960	1
7	960	1
138	960	1
49	961	1
100	961	1
133	961	1
55	961	1
71	961	1
59	961	1
36	962	1
14	962	1
127	962	2
61	963	2
126	963	1
96	964	1
81	964	1
84	964	1
118	964	1
55	964	1
121	964	1
109	964	1
31	964	1
34	965	1
55	966	1
41	966	1
142	966	1
38	967	1
141	967	1
101	968	1
55	968	1
72	968	1
28	968	1
61	968	1
130	969	1
54	969	1
70	969	1
43	969	1
67	970	1
131	970	1
88	970	1
24	970	1
137	970	1
45	970	1
96	971	2
84	971	1
37	971	1
39	971	1
137	971	1
141	971	1
31	971	1
96	972	1
84	972	1
55	972	1
102	973	1
123	973	1
63	973	1
69	974	1
7	974	1
91	974	1
17	975	1
4	975	1
21	975	1
135	975	1
136	975	1
88	975	1
75	975	1
11	975	1
125	975	1
79	975	1
22	976	1
38	976	1
105	976	1
43	976	1
128	977	2
55	977	3
111	977	2
83	978	1
88	978	1
137	978	1
28	978	1
60	978	1
81	979	1
116	979	1
137	979	1
90	979	1
46	979	1
65	980	1
124	980	1
142	980	1
81	981	1
3	981	1
137	981	1
131	982	1
103	982	1
48	983	1
129	983	1
134	983	2
55	983	2
103	983	1
121	983	1
27	983	2
29	983	1
144	984	1
100	984	1
55	984	1
119	984	1
88	984	1
46	984	1
142	984	1
101	985	1
55	985	2
88	985	2
26	985	1
46	985	1
88	986	1
106	986	1
43	986	1
2	987	1
44	987	1
129	988	1
1	988	1
114	988	1
82	988	1
4	988	1
38	988	1
55	988	1
28	988	1
77	988	1
30	988	1
10	989	1
96	990	1
65	990	1
113	990	1
84	990	1
4	990	1
88	990	1
125	990	1
131	991	1
67	991	2
68	991	1
100	991	1
133	991	1
55	991	1
88	991	1
59	991	1
45	991	1
87	992	1
140	992	1
45	992	2
13	992	1
78	992	1
1	993	1
83	993	1
36	993	1
21	993	1
38	993	1
62	993	1
65	994	1
77	994	1
105	995	1
55	996	1
136	996	1
124	996	1
142	996	1
18	997	1
138	997	1
99	998	1
4	998	1
118	998	1
88	998	1
126	998	1
2	999	1
55	999	1
8	999	1
9	999	1
18	1000	1
99	1000	1
55	1000	1
93	1000	1
16	1001	1
100	1001	1
55	1001	1
60	1001	1
88	1002	1
62	1002	1
142	1002	1
100	1003	1
101	1003	1
70	1003	1
55	1003	1
88	1003	1
96	1004	1
84	1004	1
136	1004	1
26	1004	1
107	1004	1
61	1004	1
30	1004	1
128	1006	1
83	1006	1
38	1006	1
73	1006	1
43	1006	1
142	1006	1
30	1006	1
111	1006	1
96	1007	1
81	1007	1
84	1007	1
103	1007	1
59	1007	1
60	1007	1
108	1007	1
78	1007	1
31	1007	1
16	1008	1
21	1008	1
72	1008	1
41	1008	1
37	1009	1
83	1010	1
21	1010	1
38	1010	1
121	1010	1
66	1011	1
50	1011	1
131	1011	1
35	1011	1
137	1011	1
57	1011	1
55	1012	4
88	1012	1
60	1012	1
83	1013	1
67	1013	1
55	1013	1
60	1013	1
63	1013	1
144	1014	1
66	1014	1
83	1014	1
100	1014	1
22	1014	1
87	1014	1
27	1014	1
130	1015	1
100	1015	1
55	1015	1
71	1015	1
80	1016	1
101	1016	1
55	1016	2
88	1016	1
60	1016	1
28	1016	1
63	1016	1
64	1017	2
115	1017	1
102	1017	2
124	1017	1
93	1017	1
126	1017	1
30	1017	1
81	1018	1
5	1018	1
88	1018	1
108	1018	1
115	1019	1
43	1019	1
144	1020	1
18	1020	1
115	1020	1
131	1020	1
100	1020	1
69	1020	1
76	1020	1
96	1021	1
84	1021	1
36	1021	1
55	1021	1
60	1021	2
31	1021	1
63	1021	1
52	1022	1
122	1022	1
76	1022	1
55	1023	1
24	1023	1
121	1023	1
140	1023	1
34	1024	1
50	1025	1
83	1025	1
5	1025	1
105	1025	1
60	1025	1
124	1025	1
128	1026	1
64	1026	1
2	1026	2
82	1026	1
131	1026	1
136	1026	1
111	1026	1
63	1026	1
81	1027	2
133	1027	2
39	1027	1
106	1027	2
10	1027	2
91	1027	1
136	1028	1
137	1028	1
28	1028	1
29	1028	1
95	1028	1
115	1029	1
9	1029	1
58	1029	1
75	1029	1
30	1029	1
2	1030	1
55	1030	1
15	1030	1
66	1031	1
102	1031	2
87	1031	1
39	1031	1
24	1031	1
79	1031	1
117	1032	1
55	1032	1
45	1032	1
96	1033	1
48	1033	1
116	1033	1
133	1033	1
55	1033	1
43	1033	1
140	1033	1
109	1033	1
29	1033	1
30	1033	1
31	1033	1
144	1034	1
68	1034	1
137	1034	1
127	1034	1
137	1035	1
140	1035	1
45	1035	1
70	1036	1
55	1036	2
63	1036	1
100	1037	1
98	1038	1
67	1038	1
36	1038	1
62	1038	1
14	1038	1
55	1039	2
121	1039	1
30	1039	1
15	1039	1
144	1040	1
65	1040	1
114	1040	1
100	1040	1
101	1040	1
38	1040	1
55	1040	2
72	1040	1
41	1040	1
124	1040	1
30	1040	1
63	1040	1
80	1041	1
16	1041	1
37	1041	1
70	1041	1
43	1041	1
80	1042	1
88	1042	1
137	1042	1
47	1042	1
5	1043	1
70	1043	2
22	1043	1
44	1044	1
48	1045	1
114	1045	1
115	1045	1
35	1045	1
38	1045	1
3	1046	1
55	1046	1
64	1047	1
18	1047	1
5	1047	1
106	1047	1
108	1047	1
121	1048	1
128	1049	1
55	1049	1
124	1049	1
140	1049	1
79	1049	1
81	1050	1
70	1050	1
140	1050	1
141	1050	1
100	1051	2
70	1051	1
86	1051	1
55	1051	3
7	1051	1
43	1051	1
140	1051	1
126	1051	1
15	1051	2
83	1052	1
51	1052	1
100	1052	1
55	1052	1
104	1052	1
106	1052	1
28	1052	2
60	1052	1
63	1052	1
36	1053	1
69	1053	1
136	1053	1
42	1053	1
92	1053	1
62	1053	1
144	1054	1
129	1054	1
131	1054	1
68	1054	1
137	1054	1
89	1054	1
42	1054	1
1	1055	1
114	1055	1
84	1055	1
85	1055	1
22	1055	1
135	1055	1
55	1055	1
113	1056	1
19	1056	1
4	1056	1
95	1056	1
80	1057	1
81	1057	1
39	1057	1
71	1057	1
55	1058	1
11	1058	1
96	1059	1
98	1059	2
83	1059	1
4	1059	1
117	1059	1
55	1059	4
26	1059	4
74	1059	4
110	1059	1
17	1060	1
20	1060	1
21	1060	1
38	1060	1
55	1060	1
24	1060	1
30	1060	1
131	1061	1
69	1061	1
7	1061	1
143	1061	1
82	1062	1
24	1063	1
13	1063	1
55	1064	1
11	1064	1
80	1065	1
96	1065	1
144	1065	1
49	1065	1
81	1065	1
18	1065	2
34	1065	1
3	1065	1
7	1065	1
137	1065	1
92	1065	1
55	1066	1
121	1066	1
137	1066	1
11	1066	1
108	1066	1
94	1066	1
70	1067	1
103	1067	1
119	1067	1
7	1067	1
55	1067	1
28	1067	2
141	1067	1
15	1067	1
83	1068	1
37	1068	1
118	1068	1
109	1068	1
93	1068	1
142	1068	1
48	1069	1
32	1069	1
50	1069	1
76	1069	1
19	1070	1
51	1070	1
68	1070	1
84	1070	1
6	1070	1
55	1070	2
74	1070	1
27	1070	1
60	1070	1
93	1070	1
130	1071	1
18	1071	1
85	1071	2
44	1071	2
110	1071	2
97	1072	1
114	1072	1
116	1072	1
38	1072	1
103	1072	1
72	1072	1
30	1072	1
9	1073	4
58	1073	1
75	1073	1
144	1074	1
18	1074	1
137	1074	1
9	1074	1
94	1074	1
128	1075	1
96	1075	1
3	1075	1
103	1075	1
111	1075	1
70	1076	1
23	1076	1
26	1076	1
60	1076	1
124	1076	1
61	1076	1
77	1076	1
113	1077	1
115	1077	1
41	1077	1
124	1077	1
142	1077	1
30	1077	1
48	1079	1
83	1080	1
137	1080	1
96	1081	1
129	1081	1
67	1081	1
84	1081	1
137	1081	1
27	1081	1
63	1081	1
144	1082	1
119	1082	1
62	1082	1
96	1083	1
129	1083	1
102	1083	1
9	1083	1
140	1083	1
30	1083	1
83	1084	1
5	1084	1
70	1084	1
137	1084	1
15	1084	1
144	1085	1
133	1085	1
55	1085	1
88	1085	1
139	1085	1
28	1085	1
64	1086	1
18	1086	1
42	1086	1
140	1086	1
17	1087	1
33	1087	1
7	1087	1
80	1089	1
114	1089	1
38	1089	1
121	1089	1
57	1089	1
122	1089	1
30	1089	1
55	1090	1
19	1091	1
21	1091	1
88	1091	1
137	1091	1
124	1091	1
66	1092	1
99	1092	1
100	1092	1
101	1092	1
104	1092	1
59	1092	1
142	1092	1
98	1093	1
55	1093	1
76	1093	1
83	1094	1
36	1094	1
85	1094	2
55	1094	1
56	1094	1
124	1094	1
63	1094	1
97	1095	1
98	1095	1
70	1095	1
40	1095	1
47	1095	1
83	1096	2
103	1096	1
137	1096	1
126	1096	1
64	1097	1
103	1097	1
88	1097	1
57	1097	1
137	1097	1
42	1097	1
132	1098	1
45	1098	1
64	1099	2
52	1099	1
133	1099	1
70	1099	1
103	1099	1
136	1099	1
25	1099	2
29	1099	1
93	1099	1
4	1100	1
53	1100	1
55	1100	1
139	1100	1
82	1101	1
20	1101	1
72	1101	1
10	1101	1
29	1101	1
30	1101	1
19	1102	2
88	1102	1
42	1102	1
112	1103	2
99	1103	1
35	1103	1
132	1103	1
118	1103	1
55	1103	1
57	1103	1
91	1103	4
76	1103	1
141	1103	1
111	1103	1
50	1104	1
35	1104	1
99	1104	1
69	1104	1
88	1104	1
137	1104	1
25	1104	1
7	1105	1
55	1105	1
80	1106	1
130	1106	1
27	1106	1
92	1106	1
48	1107	1
35	1107	1
4	1107	1
55	1107	2
42	1107	2
78	1107	1
48	1108	1
17	1108	1
129	1108	1
99	1108	1
100	1108	2
30	1108	1
36	1109	1
21	1109	1
125	1109	1
101	1110	1
88	1110	1
15	1110	1
144	1111	1
131	1111	1
67	1111	1
55	1111	1
87	1111	1
7	1111	1
88	1112	2
65	1113	1
131	1113	1
55	1113	1
87	1113	1
135	1113	1
120	1113	2
57	1113	1
91	1113	1
30	1113	1
100	1114	1
5	1114	1
60	1114	1
80	1115	1
1	1115	1
97	1115	1
82	1115	1
70	1115	1
102	1115	1
55	1115	2
87	1115	1
39	1115	1
57	1115	1
125	1115	1
66	1116	1
133	1116	1
70	1116	1
110	1116	1
54	1117	1
55	1117	1
80	1118	1
38	1118	1
91	1118	1
112	1119	3
132	1119	1
116	1119	1
133	1119	1
102	1119	1
106	1119	1
28	1119	1
67	1120	1
103	1120	1
57	1120	1
58	1120	1
28	1120	1
143	1120	1
134	1121	1
88	1121	2
35	1122	1
20	1122	1
69	1122	1
38	1122	1
39	1122	1
72	1122	1
29	1122	1
101	1123	1
76	1123	1
46	1123	1
144	1124	1
82	1124	1
19	1124	1
4	1124	1
88	1124	1
121	1124	1
122	1124	1
92	1124	1
94	1124	1
66	1125	1
41	1125	1
43	1125	1
124	1125	1
29	1125	1
100	1126	2
116	1126	1
87	1126	1
119	1126	1
55	1126	1
141	1126	1
55	1127	1
57	1128	1
48	1129	1
129	1129	1
83	1129	1
133	1129	1
55	1129	1
26	1129	1
113	1130	1
97	1130	1
37	1130	1
124	1130	1
112	1131	2
96	1131	1
17	1131	1
1	1131	1
132	1131	1
118	1132	1
55	1133	2
121	1133	1
124	1133	1
13	1133	1
131	1134	1
133	1134	1
40	1134	1
133	1135	1
70	1135	1
118	1135	1
40	1135	1
121	1135	1
30	1135	1
1	1136	1
4	1137	1
55	1137	1
28	1137	1
13	1137	1
95	1137	1
80	1138	1
7	1138	1
28	1138	1
130	1139	1
133	1139	1
87	1139	1
88	1139	1
50	1140	1
83	1140	1
39	1140	1
56	1140	2
42	1140	1
44	1140	1
94	1140	1
79	1140	1
55	1141	1
40	1141	1
25	1141	1
65	1142	1
100	1142	1
101	1142	1
55	1142	1
137	1142	1
42	1142	2
28	1142	1
12	1142	1
70	1143	1
76	1143	1
100	1144	1
55	1144	1
89	1144	1
28	1144	1
62	1144	1
52	1145	1
53	1145	2
133	1145	1
87	1145	1
41	1145	1
30	1145	1
19	1146	1
122	1146	1
129	1147	1
18	1147	1
20	1147	1
21	1147	1
53	1147	1
38	1147	1
73	1147	1
29	1147	1
30	1147	1
131	1148	1
83	1148	1
101	1148	1
42	1148	1
60	1148	1
137	1149	1
43	1149	1
142	1149	1
129	1150	1
138	1150	1
140	1150	1
143	1150	1
63	1150	1
4	1151	1
118	1151	1
55	1151	1
135	1151	1
88	1151	1
59	1151	1
64	1152	2
131	1152	1
28	1152	1
84	1153	2
55	1153	2
28	1153	1
60	1153	1
94	1153	1
81	1154	1
2	1154	1
55	1154	2
71	1154	1
60	1154	1
55	1155	4
123	1155	1
55	1156	3
40	1156	1
16	1157	1
98	1157	1
55	1157	1
47	1157	1
116	1158	1
55	1158	1
88	1158	2
56	1158	1
72	1158	1
137	1158	1
140	1158	2
29	1158	1
80	1159	1
16	1159	1
100	1159	1
87	1159	1
96	1161	2
82	1161	1
84	1161	2
70	1161	1
107	1161	2
64	1162	1
129	1162	1
84	1162	1
134	1162	1
28	1162	1
60	1162	1
131	1163	1
134	1163	3
41	1163	1
142	1163	1
96	1164	1
64	1164	1
5	1164	1
55	1164	1
57	1164	1
137	1164	1
124	1164	1
13	1164	2
30	1164	1
50	1165	1
99	1165	1
121	1165	1
121	1166	1
61	1166	2
63	1166	1
82	1167	1
67	1167	1
113	1168	1
92	1168	1
30	1168	1
80	1169	1
17	1169	1
113	1169	1
2	1169	1
21	1169	1
140	1169	1
29	1169	1
133	1170	2
70	1170	1
104	1170	1
137	1170	1
28	1170	1
46	1170	1
144	1171	1
114	1171	1
15	1171	1
17	1172	1
55	1172	1
43	1172	1
49	1173	1
131	1173	1
107	1173	2
75	1173	2
11	1173	1
66	1174	1
100	1174	1
55	1174	1
87	1174	1
24	1174	1
29	1174	1
18	1175	1
115	1175	1
72	1175	1
30	1175	1
69	1176	1
133	1176	1
39	1176	1
15	1176	1
38	1177	1
83	1178	1
20	1178	1
21	1178	2
101	1178	1
38	1178	1
41	1178	1
23	1179	1
114	1180	1
60	1180	1
29	1180	1
47	1180	1
129	1181	1
65	1181	1
114	1181	1
53	1181	1
38	1181	1
137	1181	1
45	1181	1
125	1181	1
64	1182	1
118	1182	2
87	1182	1
16	1183	1
98	1183	1
20	1183	1
73	1183	1
100	1184	1
55	1184	1
39	1185	1
88	1185	1
26	1185	1
11	1185	1
14	1185	1
96	1186	1
104	1186	1
31	1186	1
47	1187	1
102	1188	1
104	1188	1
25	1188	1
15	1188	1
33	1189	1
81	1189	1
50	1189	1
115	1189	1
21	1189	1
105	1189	1
57	1189	1
41	1189	1
42	1189	1
30	1189	1
79	1189	1
23	1190	1
104	1190	1
45	1190	1
81	1191	1
21	1191	1
134	1191	1
86	1191	1
144	1192	1
5	1192	1
70	1192	1
137	1192	1
121	1192	2
125	1192	1
62	1192	1
78	1192	1
14	1192	1
79	1192	1
21	1193	1
135	1193	1
72	1193	1
11	1193	1
16	1194	1
81	1194	1
37	1194	1
77	1194	1
81	1195	1
121	1195	1
90	1195	1
64	1196	1
133	1196	1
55	1196	1
60	1196	1
97	1197	1
3	1197	1
140	1197	1
129	1198	1
55	1198	1
139	1198	1
98	1199	1
50	1199	1
21	1199	1
54	1199	1
137	1199	1
1	1200	1
55	1200	1
96	1201	1
139	1201	1
43	1201	1
20	1202	2
21	1202	1
38	1202	1
72	1202	1
73	1202	1
116	1204	1
88	1204	1
43	1204	1
130	1205	1
115	1205	2
86	1205	2
47	1205	1
121	1206	1
91	1206	1
95	1206	1
129	1207	1
55	1207	1
7	1207	1
122	1207	1
131	1208	2
87	1208	1
136	1208	1
89	1208	1
26	1208	1
60	1208	2
131	1209	1
3	1209	1
55	1209	1
88	1209	1
137	1209	1
14	1209	1
55	1210	2
27	1210	1
87	1211	1
143	1211	1
48	1212	1
81	1213	1
129	1213	1
56	1213	1
105	1213	1
10	1213	1
96	1214	1
17	1214	1
56	1214	1
9	1214	1
140	1214	1
29	1214	1
96	1215	2
104	1215	1
74	1215	1
93	1215	1
110	1215	2
65	1216	1
88	1216	1
120	1216	1
112	1217	1
114	1217	1
20	1217	1
132	1217	1
122	1217	1
43	1217	1
30	1217	1
130	1218	1
136	1218	1
121	1218	1
93	1218	1
142	1218	1
86	1219	1
55	1219	2
55	1220	1
63	1220	1
81	1221	1
19	1222	1
29	1222	2
55	1223	2
106	1223	1
48	1224	1
133	1224	1
55	1224	1
136	1224	1
88	1225	1
43	1225	1
142	1225	1
110	1225	1
101	1226	1
54	1226	1
94	1226	1
130	1227	1
83	1227	1
141	1227	1
81	1228	1
114	1228	1
83	1228	1
55	1228	3
69	1229	1
65	1231	1
39	1231	1
124	1231	1
34	1232	1
5	1232	1
126	1232	1
97	1233	1
55	1233	1
90	1233	1
4	1234	1
88	1234	1
60	1234	1
94	1234	1
55	1235	2
124	1235	1
14	1235	1
133	1236	3
101	1236	1
55	1236	2
140	1236	2
83	1237	2
55	1237	1
63	1237	1
4	1238	1
80	1239	3
1	1239	3
55	1239	1
100	1240	1
52	1240	1
133	1240	1
101	1240	1
70	1240	1
55	1240	2
90	1240	1
63	1240	1
91	1241	2
74	1242	1
19	1243	1
100	1243	1
20	1243	1
52	1243	1
55	1243	1
30	1243	1
133	1244	1
124	1244	1
18	1245	1
38	1245	2
72	1245	1
73	1245	1
76	1245	1
83	1246	1
55	1246	1
63	1246	1
137	1247	1
140	1247	1
142	1247	1
110	1247	1
80	1248	1
144	1248	1
81	1248	2
114	1248	1
61	1248	1
126	1248	1
83	1249	1
88	1249	1
137	1249	1
121	1250	1
59	1250	1
13	1250	4
4	1251	1
56	1251	1
106	1251	1
142	1251	1
30	1251	1
110	1252	1
18	1253	1
122	1253	1
144	1254	1
4	1254	1
55	1254	2
124	1254	1
63	1254	1
113	1255	1
25	1255	1
10	1255	2
140	1255	1
46	1255	1
129	1256	1
20	1256	1
21	1256	1
53	1256	1
38	1256	1
134	1256	1
41	1256	1
142	1256	1
129	1257	1
50	1257	1
115	1257	1
71	1257	1
55	1257	2
92	1257	1
77	1257	1
103	1258	2
71	1258	1
55	1258	2
28	1258	2
92	1258	1
124	1258	1
123	1259	1
144	1260	1
55	1260	1
88	1260	1
43	1260	2
133	1261	1
102	1261	1
141	1261	1
46	1261	1
79	1261	1
48	1262	1
81	1262	1
18	1262	1
5	1262	1
121	1262	2
137	1262	1
57	1262	1
124	1262	1
29	1262	1
66	1263	1
131	1263	1
99	1263	1
100	1263	1
102	1263	1
106	1263	1
77	1263	1
82	1263	1
115	1263	1
116	1263	1
90	1263	1
91	1263	1
30	1263	1
144	1264	1
139	1264	2
45	1264	1
143	1264	1
129	1265	1
114	1265	1
52	1265	1
70	1265	1
38	1265	1
55	1265	1
52	1266	1
121	1266	1
124	1266	1
30	1266	1
55	1267	2
88	1267	1
56	1267	2
43	1267	1
76	1267	1
54	1268	1
130	1269	1
71	1269	1
88	1269	1
95	1269	1
34	1270	1
55	1270	2
133	1271	1
76	1271	1
77	1271	1
143	1271	1
96	1272	1
102	1272	1
89	1272	1
107	1272	1
12	1272	1
47	1272	1
55	1273	2
121	1273	1
100	1274	1
29	1274	1
81	1275	1
114	1275	1
144	1276	1
114	1276	1
101	1276	1
55	1276	1
42	1276	1
12	1276	1
124	1276	1
61	1276	1
110	1276	1
47	1276	1
19	1277	1
101	1277	1
124	1277	1
125	1277	1
94	1277	1
14	1277	1
96	1278	2
16	1279	3
129	1279	1
100	1279	1
70	1279	1
86	1279	1
71	1279	1
88	1279	1
74	1279	1
30	1279	1
47	1279	1
65	1280	1
33	1280	1
81	1280	1
120	1280	1
40	1280	1
136	1280	1
57	1280	1
42	1280	1
30	1280	1
62	1280	1
70	1281	1
144	1282	1
23	1282	1
104	1282	1
26	1282	1
122	1282	1
60	1282	1
61	1282	1
79	1282	1
98	1283	1
7	1283	1
105	1283	1
67	1284	1
101	1284	3
55	1284	1
42	1284	2
1	1285	1
37	1285	1
80	1286	1
69	1286	1
55	1286	1
92	1286	1
100	1287	4
143	1287	1
122	1288	1
124	1288	2
60	1288	1
80	1289	1
51	1289	1
84	1289	1
106	1289	1
142	1289	1
129	1290	1
81	1290	1
99	1290	1
103	1290	1
123	1290	1
3	1291	1
70	1291	1
9	1291	1
105	1291	1
123	1291	1
13	1291	1
96	1292	1
128	1292	1
84	1292	1
107	1292	1
62	1292	1
111	1292	1
84	1293	1
121	1293	1
11	1293	1
108	1293	1
142	1293	1
130	1294	1
50	1294	1
115	1294	1
83	1294	1
55	1294	2
88	1294	1
124	1294	1
128	1295	1
111	1295	1
81	1296	1
55	1296	1
137	1296	1
83	1297	2
121	1297	1
94	1297	1
65	1298	1
52	1298	1
4	1298	1
87	1298	1
120	1298	1
47	1298	1
83	1299	1
92	1299	2
15	1299	1
96	1300	1
81	1300	1
115	1300	1
110	1300	1
32	1301	1
131	1301	1
55	1301	5
137	1301	1
74	1301	1
27	1301	1
45	1301	1
56	1302	1
96	1303	1
80	1303	2
144	1303	1
99	1303	1
55	1303	1
11	1303	1
93	1303	1
61	1303	1
31	1303	1
114	1304	1
89	1304	1
137	1304	1
28	1304	1
13	1304	1
30	1304	1
127	1304	1
131	1305	1
100	1305	1
88	1305	2
64	1306	1
55	1306	1
123	1306	1
124	1306	1
61	1306	1
30	1306	1
143	1306	2
88	1307	1
83	1308	1
62	1309	1
96	1310	2
128	1310	1
34	1310	2
131	1310	1
103	1310	1
104	1310	2
111	1310	1
80	1311	1
16	1312	1
53	1312	1
70	1312	1
38	1312	1
7	1312	1
21	1313	1
63	1313	1
81	1314	1
131	1314	1
5	1314	1
137	1314	1
57	1314	1
55	1315	1
141	1315	1
62	1315	1
114	1316	1
115	1316	1
87	1316	1
119	1316	1
81	1317	1
49	1317	1
20	1317	3
100	1318	1
8	1318	1
30	1318	1
55	1319	2
81	1320	1
40	1320	1
124	1320	1
111	1320	1
80	1321	1
55	1321	1
72	1321	1
56	1321	1
22	1322	1
72	1322	1
59	1322	1
123	1322	1
68	1323	1
101	1323	3
102	1323	1
42	1323	1
59	1323	1
45	1323	1
99	1324	2
67	1324	1
101	1324	1
55	1324	1
88	1324	1
121	1324	1
45	1324	1
100	1325	1
101	1325	2
55	1325	1
13	1325	1
131	1326	1
55	1326	1
88	1326	1
89	1326	1
63	1326	1
67	1327	1
55	1327	1
88	1327	1
89	1327	1
137	1327	1
58	1327	2
60	1327	2
144	1328	1
55	1328	2
59	1328	1
96	1330	1
88	1330	1
43	1330	1
124	1330	1
101	1331	1
86	1331	1
55	1331	1
88	1331	1
95	1331	1
100	1332	1
22	1332	1
119	1332	2
55	1332	3
93	1332	1
65	1333	1
131	1333	1
55	1333	1
138	1333	1
124	1333	1
64	1334	1
16	1334	1
32	1334	1
99	1334	1
53	1334	1
55	1334	1
104	1334	1
102	1335	1
137	1336	1
11	1336	1
69	1337	1
119	1337	1
71	1337	1
107	1337	2
75	1337	2
67	1338	1
55	1338	1
106	1338	1
48	1339	1
129	1339	1
130	1339	1
70	1339	1
88	1339	1
21	1340	1
38	1340	1
7	1340	1
104	1340	1
54	1341	1
38	1341	1
72	1341	1
32	1342	1
134	1342	1
55	1342	2
88	1342	1
139	1342	1
60	1342	1
4	1343	1
83	1344	1
55	1344	1
58	1344	1
74	1344	1
124	1344	1
109	1344	1
96	1345	1
55	1345	1
124	1345	1
98	1346	1
67	1346	1
100	1346	1
133	1346	1
101	1346	1
88	1346	1
123	1346	1
142	1346	1
17	1347	1
131	1347	1
87	1347	1
8	1347	1
83	1348	1
137	1348	2
26	1348	1
60	1348	1
80	1349	2
99	1349	1
96	1350	1
55	1350	2
43	1350	1
54	1351	1
87	1351	1
41	1351	1
125	1351	1
64	1352	1
100	1352	1
5	1352	1
60	1352	1
28	1352	1
35	1353	1
129	1354	1
44	1354	1
108	1354	1
129	1355	1
99	1355	1
100	1355	1
101	1355	1
55	1355	1
42	1355	1
138	1355	1
59	1355	1
27	1355	1
60	1355	2
94	1355	1
63	1355	1
54	1356	1
142	1356	1
68	1357	1
133	1357	1
55	1357	1
104	1357	1
88	1357	1
25	1357	1
137	1357	1
121	1359	1
60	1359	2
28	1359	1
138	1360	2
125	1360	1
78	1360	1
52	1361	1
55	1361	1
73	1361	1
115	1362	1
90	1362	1
101	1363	2
103	1363	1
55	1363	1
122	1363	1
113	1364	2
84	1364	1
106	1364	1
108	1364	2
124	1364	1
140	1364	2
46	1364	1
31	1364	1
19	1365	1
83	1365	1
100	1365	1
9	1366	1
123	1366	1
92	1366	1
48	1367	1
55	1367	2
40	1367	1
8	1367	1
30	1367	2
126	1367	1
49	1368	1
7	1368	1
55	1368	1
139	1368	1
143	1368	1
38	1369	1
88	1369	1
73	1369	1
66	1370	1
83	1370	1
4	1370	1
55	1370	1
136	1370	1
129	1371	1
60	1371	1
54	1372	1
138	1372	1
43	1372	1
14	1372	1
52	1373	1
62	1373	1
5	1374	2
88	1374	1
96	1375	1
11	1375	1
107	1375	1
108	1375	2
110	1375	1
69	1376	1
25	1376	1
44	1376	1
36	1377	1
70	1377	1
55	1377	2
106	1377	1
45	1377	1
55	1378	1
10	1378	1
63	1378	1
133	1379	1
37	1379	1
136	1379	1
40	1379	1
43	1379	1
27	1379	1
28	1379	1
63	1379	1
70	1380	1
55	1380	2
89	1380	1
83	1381	1
3	1381	1
36	1381	1
55	1382	1
104	1382	1
137	1382	3
138	1382	2
130	1383	1
121	1383	1
110	1383	1
66	1384	1
140	1384	1
98	1385	1
55	1385	1
43	1385	1
111	1385	1
15	1385	1
131	1386	2
55	1386	1
89	1386	1
16	1387	1
4	1387	1
88	1387	1
124	1387	1
29	1387	1
129	1388	1
22	1388	1
103	1388	1
106	1388	1
83	1389	3
55	1389	1
61	1389	1
144	1390	1
65	1390	1
131	1390	1
4	1390	1
120	1390	1
136	1390	1
10	1390	1
50	1391	1
82	1391	1
55	1391	1
107	1391	1
77	1391	1
63	1391	1
127	1391	2
131	1392	1
55	1392	5
71	1392	1
56	1392	1
28	1392	1
19	1393	1
7	1393	1
39	1393	1
33	1394	1
18	1394	1
50	1394	1
36	1394	1
61	1394	3
95	1394	1
36	1396	1
137	1396	1
58	1396	1
75	1396	1
100	1397	1
70	1397	1
55	1397	1
88	1397	1
126	1397	1
113	1398	1
81	1398	1
55	1398	1
61	1398	1
116	1399	1
55	1399	1
12	1399	1
80	1400	1
19	1400	1
102	1400	1
136	1400	1
55	1401	1
124	1401	1
62	1401	1
65	1402	1
84	1402	1
6	1402	1
55	1402	1
137	1402	1
43	1402	1
144	1403	1
80	1403	1
32	1403	1
82	1403	1
88	1403	1
60	1403	1
128	1404	1
131	1404	1
103	1404	1
123	1404	1
111	1404	1
144	1405	1
65	1405	1
2	1405	1
50	1405	1
9	1405	1
43	1405	1
129	1406	2
119	1406	1
55	1406	1
136	1406	1
127	1406	1
100	1407	1
71	1407	1
8	1407	1
24	1407	1
67	1408	1
100	1408	1
133	1408	1
55	1408	1
88	1408	2
67	1409	1
119	1409	1
104	1409	1
140	1409	1
38	1410	1
86	1410	1
29	1410	1
142	1410	1
130	1411	1
67	1411	1
100	1411	3
117	1411	1
101	1411	1
136	1411	1
137	1411	2
63	1411	1
82	1412	1
55	1412	2
81	1413	1
127	1413	1
